37 28

1 0 0 0 0  0 0 0 0 0  0 0 0 0 0  0 0 0 0 0  0 0 0 0 0  0 0 0
0 1 0 0 0  0 0 0 0 0  0 0 0 0 0  0 0 0 0 0  0 0 0 0 0  0 0 0
0 0 1 0 0  0 0 0 0 0  0 0 0 0 0  0 0 0 0 0  0 0 0 0 0  0 0 0
0 0 0 1 0  0 0 0 0 0  0 0 0 0 0  0 0 0 0 0  0 0 0 0 0  0 0 0
0 0 0 0 1  0 0 0 0 0  0 0 0 0 0  0 0 0 0 0  0 0 0 0 0  0 0 0
0 0 0 0 0  1 0 0 0 0  0 0 0 0 0  0 0 0 0 0  0 0 0 0 0  0 0 0
0 0 0 0 0  0 1 0 0 0  0 0 0 0 0  0 0 0 0 0  0 0 0 0 0  0 0 0
0 0 0 0 0  0 0 1 0 0  0 0 0 0 0  0 0 0 0 0  0 0 0 0 0  0 0 0
0 0 0 0 0  0 0 0 1 0  0 0 0 0 0  0 0 0 0 0  0 0 0 0 0  0 0 0
0 0 0 0 0  0 0 0 0 1  0 0 0 0 0  0 0 0 0 0  0 0 0 0 0  0 0 0
0 0 0 0 0  0 0 0 0 0  1 0 0 0 0  0 0 0 0 0  0 0 0 0 0  0 0 0
0 0 0 0 0  0 0 0 0 0  0 1 0 0 0  0 0 0 0 0  0 0 0 0 0  0 0 0
0 0 0 0 0  0 0 0 0 0  0 0 1 0 0  0 0 0 0 0  0 0 0 0 0  0 0 0
0 0 0 0 0  0 0 0 0 0  0 0 0 1 0  0 0 0 0 0  0 0 0 0 0  0 0 0
0 0 0 0 0  0 0 0 0 0  0 0 0 0 1  0 0 0 0 0  0 0 0 0 0  0 0 0
0 0 0 0 0  0 0 0 0 0  0 0 0 0 0  1 0 0 0 0  0 0 0 0 0  0 0 0
0 0 0 0 0  0 0 0 0 0  0 0 0 0 0  0 1 0 0 0  0 0 0 0 0  0 0 0
0 0 0 0 0  0 0 0 0 0  0 0 0 0 0  0 0 1 0 0  0 0 0 0 0  0 0 0
0 0 0 0 0  0 0 0 0 0  0 0 0 0 0  0 0 0 1 0  0 0 0 0 0  0 0 0
0 0 0 0 0  0 0 0 0 0  0 0 0 0 0  0 0 0 0 1  0 0 0 0 0  0 0 0
0 0 0 0 0  0 0 0 0 0  0 0 0 0 0  0 0 0 0 0  1 0 0 0 0  0 0 0
0 0 0 0 0  0 0 0 0 0  0 0 0 0 0  0 0 0 0 0  0 1 0 0 0  0 0 0
0 0 0 0 0  0 0 0 0 0  0 0 0 0 0  0 0 0 0 0  0 0 1 0 0  0 0 0
0 0 0 0 0  0 0 0 0 0  0 0 0 0 0  0 0 0 0 0  0 0 0 1 0  0 0 0
0 0 0 0 0  0 0 0 0 0  0 0 0 0 0  0 0 0 0 0  0 0 0 0 1  0 0 0
0 0 0 0 0  0 0 0 0 0  0 0 0 0 0  0 0 0 0 0  0 0 0 0 0  1 0 0
0 0 0 0 0  0 0 0 0 0  0 0 0 0 0  0 0 0 0 0  0 0 0 0 0  0 1 0
0 0 0 0 0  0 0 0 0 0  0 0 0 0 0  0 0 0 0 0  0 0 0 0 0  0 0 1

-2 -1 -1 -1 -1  -1 -1  1  1  1   1  1  1  0  0   0  0  0  0  0   0  0  0  0  0   0  0  0
1  -1  0  0  0   0  0 -2 -1 -1  -1 -1 -1  1  1   1  1  1  0  0   0  0  0  0  0   0  0  0
0   1 -1  0  0   0  0  1 -1  0   0  0  0 -2 -1  -1 -1 -1 -1  1   1  1  1  0  0   0  0  0
0   0  1 -1  0   0  0  0  1 -1   0  0  0  1 -1   0  0  0 -2 -1  -1 -1  1  1  1   0  0  0
0   0  0  1 -1   0  0  0  0  1  -1  0  0  0  1  -1  0  0  1 -1   0  0 -2 -1 -1   1  1  0
0   0  0  0  1  -1  0  0  0  0   1 -1  0  0  0   1 -1  0  0  1  -1  0  1 -1  0  -2 -1  1
0   0  0  0  0   1 -1  0  0  0   0  1 -1  0  0   0  1 -1  0  0   1 -1  0  1 -1   1 -1 -2

-1 0 0 1 1  1 1 1 1 2  2 2 2 1 1  1 1 1 1 1  1 1 0 0 0  0 0 0
1 0 0 -1 -1  -1 -1 -1 -1 -2  -2 -2 -2 -1 -1  -1 -1 -1 -1 -1  -1 -1 0 0 0  0 0 0

1 1 1 1 1  1 1 1 1 1  1 1 1 1 1  1 1 1 1 1  1 1 1 1 1  1 1 1 -1 -1 -1 -1 -1 -1 -1 21 -21
-1 0 0 0 0 0 0 1 1 1  1 1 1 0 0  0 0 0 0 0  0 0 0 0 0  0 0 0

8 人循环赛制下棋，胜者得 1 分，负者得 0 分，平局各得 0.5 分。按总分高低排名，若第 2 名得分是 5，6，7，8 名之和，求第 2 名分数范围。
