37 28

1 0 0 0 0  0 0 0 0 0  0 0 0 0 0  0 0 0 0 0  0 0 0 0 0  0 0 0
0 1 0 0 0  0 0 0 0 0  0 0 0 0 0  0 0 0 0 0  0 0 0 0 0  0 0 0
0 0 1 0 0  0 0 0 0 0  0 0 0 0 0  0 0 0 0 0  0 0 0 0 0  0 0 0
0 0 0 1 0  0 0 0 0 0  0 0 0 0 0  0 0 0 0 0  0 0 0 0 0  0 0 0
0 0 0 0 1  0 0 0 0 0  0 0 0 0 0  0 0 0 0 0  0 0 0 0 0  0 0 0
0 0 0 0 0  1 0 0 0 0  0 0 0 0 0  0 0 0 0 0  0 0 0 0 0  0 0 0
0 0 0 0 0  0 1 0 0 0  0 0 0 0 0  0 0 0 0 0  0 0 0 0 0  0 0 0
0 0 0 0 0  0 0 1 0 0  0 0 0 0 0  0 0 0 0 0  0 0 0 0 0  0 0 0
0 0 0 0 0  0 0 0 1 0  0 0 0 0 0  0 0 0 0 0  0 0 0 0 0  0 0 0
0 0 0 0 0  0 0 0 0 1  0 0 0 0 0  0 0 0 0 0  0 0 0 0 0  0 0 0
0 0 0 0 0  0 0 0 0 0  1 0 0 0 0  0 0 0 0 0  0 0 0 0 0  0 0 0
0 0 0 0 0  0 0 0 0 0  0 1 0 0 0  0 0 0 0 0  0 0 0 0 0  0 0 0
0 0 0 0 0  0 0 0 0 0  0 0 1 0 0  0 0 0 0 0  0 0 0 0 0  0 0 0
0 0 0 0 0  0 0 0 0 0  0 0 0 1 0  0 0 0 0 0  0 0 0 0 0  0 0 0
0 0 0 0 0  0 0 0 0 0  0 0 0 0 1  0 0 0 0 0  0 0 0 0 0  0 0 0
0 0 0 0 0  0 0 0 0 0  0 0 0 0 0  1 0 0 0 0  0 0 0 0 0  0 0 0
0 0 0 0 0  0 0 0 0 0  0 0 0 0 0  0 1 0 0 0  0 0 0 0 0  0 0 0
0 0 0 0 0  0 0 0 0 0  0 0 0 0 0  0 0 1 0 0  0 0 0 0 0  0 0 0
0 0 0 0 0  0 0 0 0 0  0 0 0 0 0  0 0 0 1 0  0 0 0 0 0  0 0 0
0 0 0 0 0  0 0 0 0 0  0 0 0 0 0  0 0 0 0 1  0 0 0 0 0  0 0 0
0 0 0 0 0  0 0 0 0 0  0 0 0 0 0  0 0 0 0 0  1 0 0 0 0  0 0 0
0 0 0 0 0  0 0 0 0 0  0 0 0 0 0  0 0 0 0 0  0 1 0 0 0  0 0 0
0 0 0 0 0  0 0 0 0 0  0 0 0 0 0  0 0 0 0 0  0 0 1 0 0  0 0 0
0 0 0 0 0  0 0 0 0 0  0 0 0 0 0  0 0 0 0 0  0 0 0 1 0  0 0 0
0 0 0 0 0  0 0 0 0 0  0 0 0 0 0  0 0 0 0 0  0 0 0 0 1  0 0 0
0 0 0 0 0  0 0 0 0 0  0 0 0 0 0  0 0 0 0 0  0 0 0 0 0  1 0 0
0 0 0 0 0  0 0 0 0 0  0 0 0 0 0  0 0 0 0 0  0 0 0 0 0  0 1 0
0 0 0 0 0  0 0 0 0 0  0 0 0 0 0  0 0 0 0 0  0 0 0 0 0  0 0 1

-2 -1 -1 -1 -1  -1 -1  1  1  1   1  1  1  0  0   0  0  0  0  0   0  0  0  0  0   0  0  0
1  -1  0  0  0   0  0 -2 -1 -1  -1 -1 -1  1  1   1  1  1  0  0   0  0  0  0  0   0  0  0
0   1 -1  0  0   0  0  1 -1  0   0  0  0 -2 -1  -1 -1 -1 -1  1   1  1  1  0  0   0  0  0
0   0  1 -1  0   0  0  0  1 -1   0  0  0  1 -1   0  0  0 -2 -1  -1 -1  1  1  1   0  0  0
0   0  0  1 -1   0  0  0  0  1  -1  0  0  0  1  -1  0  0  1 -1   0  0 -2 -1 -1   1  1  0
0   0  0  0  1  -1  0  0  0  0   1 -1  0  0  0   1 -1  0  0  1  -1  0  1 -1  0  -2 -1  1
0   0  0  0  0   1 -1  0  0  0   0  1 -1  0  0   0  1 -1  0  0   1 -1  0  1 -1   1 -1 -2

-1 0 0 1 1  1 1 1 1 2  2 2 2 1 1  1 1 1 1 1  1 1 0 0 0  0 0 0
1 0 0 -1 -1  -1 -1 -1 -1 -2  -2 -2 -2 -1 -1  -1 -1 -1 -1 -1  -1 -1 0 0 0  0 0 0

1 1 1 1 1  1 1 1 1 1  1 1 1 1 1  1 1 1 1 1  1 1 1 1 1  1 1 1 -1 -1 -1 -1 -1 -1 -1 21 -21
1 0 0 0 0 0 0 -1 -1 -1  -1 -1 -1 0 0  0 0 0 0 0  0 0 0 0 0  0 0 0
