12 20

1 0 0 0 0  0 0 0 0 0  0 0 0 0 0  1 0 0 0 0
0 1 0 0 0  0 0 0 0 0  0 1 0 0 0  -1.06 1 0 0 0
-1.15 0 1 0 0  0 0 1 0 0  0 0 0 0 0  0 -1.06 1 0 0
0 -1.15 0 1 0  0 0 0 0 0  0 0 0 0 0  0 0 -1.06 1 0
0 0 -1.15 0 0  0 0 0 0 0  0 0 0 0 0  0 0 0 -1.06 1

-1 0 0 0 0  0 0 0 0 0  0 0 0 0 0  -1 0 0 0 0
0 -1 0 0 0  0 0 0 0 0  0 -1 0 0 0  1.06 -1 0 0 0
1.15 0 -1 0 0  0 0 -1 0 0  0 0 0 0 0  0 1.06 -1 0 0
0 1.15 0 -1 0  0 0 0 0 0  0 0 0 0 0  0 0 1.06 -1 0
0 0 1.15 0 0  0 0 0 0 0  0 0 0 0 0  0 0 0 1.06 -1

0 0 0 0 0  0 0 0 0 0  0 1 0 0 0  0 0 0 0 0
0 0 0 0 0  0 0 1 0 0  0 0 0 0 0  0 0 0 0 0

100000 0 0 0 0 -100000 0 0 0 0 30000 40000

0 0 0 1.15 0  0 0 1.25 0 0  0 1.4 0 0 0  0 0 0 0 1.06
