11 34

0 1 1 1 1  0 0 0 0 0  0 0 0 0 0  0 0 0 0 0  0 0 0 0 0  0 0 0 0 0  0 0 0 0
1 -1.018 0 0 0  1 1 1 1 0  0 0 0 0 0  0 0 0 0 0  0 0 0 0 0  0 0 0 0 0  0 0 0 0
1 0 -1.03888 0 0  -1.018 0 0 0 1  1 1 1 0 0  0 0 0 0 0  0 0 0 0 0  0 0 0 0 0  0 0 0 0
1 0 0 -1.0648 0  0 -1.03888 0 0 -1.018  0 0 0 1 1  1 1 0 0 0  0 0 0 0 0  0 0 0 0 0  0 0 0 0
1 0 0 0 0  0 0 -1.0648 0 0  -1.03888 0 0 -1.018 0  0 0 1 1 1  1 0 0 0 0  0 0 0 0 0  0 0 0 0
1 0 0 0 -1.1152  0 0 0 0 0  0 -1.0648 0 0 -1.03888  0 0 -1.018 0 0  0 1 1 1 1  0 0 0 0 0  0 0 0 0
1 0 0 0 0  0 0 0 -1.1152 0  0 0 0 0 0  -1.0648 0 0 -1.03888 0  0 -1.018 0 0 0  1 1 1 0 0  0 0 0 0
1 0 0 0 0  0 0 0 0 0  0 0 -1.1152 0 0  0 0 0 0 -1.0648  0 0 -1.03888 0 0  -1.018 0 0 1 1  1 0 0 0
1 0 0 0 0  0 0 0 0 0  0 0 0 0 0  0 -1.1152 0 0 0  0 0 0 -1.0648 0  0 -1.03888 0 -1.018 0  0 1 1 0
1 0 0 0 0  0 0 0 0 0  0 0 0 0 0  0 0 0 0 0  -1.1152 0 0 0 0  0 0 -1.0648 0 -1.03888  0 -1.018 0 1
1 0 0 0 0  0 0 0 0 0  0 0 0 0 0  0 0 0 0 0  0 0 0 0 -1.1152  0 0 0 0 0  -1.0648 0 -1.03888 -1.018

5000 0 0 0 0 0 0 0 0 0 -5000

1 0 0 0 0  0 0 0 0 0  0 0 0 0 0  0 0 0 0 0  0 0 0 0 0  0 0 0 0 0  0 0 0 0
