
z	|  -2.00  -3.00   0.00   0.00   0.00 |   0.00 
x3	|   1.00   2.00   1.00   0.00   0.00 |   8.00 
x4	|   4.00   0.00   0.00   1.00   0.00 |  16.00 
x5	|   0.00   4.00   0.00   0.00   1.00 |  12.00 

z	|  -2.00  -3.00   0.00   0.00   0.00 |   0.00 
x3	|   1.00   2.00   1.00   0.00   0.00 |   8.00 
x4	|   4.00   0.00   0.00   1.00   0.00 |  16.00 
x5	|   0.00   4.00   0.00   0.00   1.00 |  12.00 

z	|   0.00  -3.00   0.00   0.50   0.00 |   8.00 
x3	|   0.00   2.00   1.00  -0.25   0.00 |   4.00 
x1	|   1.00   0.00   0.00   0.25   0.00 |   4.00 
x5	|   0.00   4.00   0.00   0.00   1.00 |  12.00 

z	|   0.00   0.00   1.50   0.12   0.00 |  14.00 
x2	|   0.00   1.00   0.50  -0.12   0.00 |   2.00 
x1	|   1.00   0.00   0.00   0.25   0.00 |   4.00 
x5	|   0.00   0.00  -2.00   0.50   1.00 |   4.00 

solution found
