
z	|  -3.00  -1.00  -2.00   0.00   0.00   0.00 |   0.00 
x4	|   1.00   1.00   3.00   1.00   0.00   0.00 |  30.00 
x5	|   2.00   2.00   5.00   0.00   1.00   0.00 |  24.00 
x6	|   4.00   1.00   2.00   0.00   0.00   1.00 |  36.00 

z	|  -3.00  -1.00  -2.00   0.00   0.00   0.00 |   0.00 
x4	|   1.00   1.00   3.00   1.00   0.00   0.00 |  30.00 
x5	|   2.00   2.00   5.00   0.00   1.00   0.00 |  24.00 
x6	|   4.00   1.00   2.00   0.00   0.00   1.00 |  36.00 

z	|   0.00  -0.25  -0.50   0.00   0.00   0.75 |  27.00 
x4	|   0.00   0.75   2.50   1.00   0.00  -0.25 |  21.00 
x5	|   0.00   1.50   4.00   0.00   1.00  -0.50 |   6.00 
x1	|   1.00   0.25   0.50   0.00   0.00   0.25 |   9.00 

z	|   0.00   0.00   0.17   0.00   0.17   0.67 |  28.00 
x4	|   0.00   0.00   0.50   1.00  -0.50   0.00 |  18.00 
x2	|   0.00   1.00   2.67   0.00   0.67  -0.33 |   4.00 
x1	|   1.00   0.00  -0.17   0.00  -0.17   0.33 |   8.00 

solution found
