
constructing helper LP...

z	|   1.00   0.00   0.00   0.00   0.00   0.00   0.00   0.00 |   0.00 
x4	|  -1.00   1.00  -2.00   1.00   1.00   0.00   0.00   0.00 |  11.00 
x5	|  -1.00   4.00  -1.00  -2.00   0.00   1.00   0.00   0.00 |  -3.00 
x6	|  -1.00  -2.00   0.00   1.00   0.00   0.00   1.00   0.00 |   1.00 
x7	|  -1.00   2.00   0.00  -1.00   0.00   0.00   0.00   1.00 |  -1.00 

z	|   0.00   4.00  -1.00  -2.00   0.00   1.00   0.00   0.00 |  -3.00 
x4	|   0.00  -3.00  -1.00   3.00   1.00  -1.00   0.00   0.00 |  14.00 
x0	|   1.00  -4.00   1.00   2.00  -0.00  -1.00  -0.00  -0.00 |   3.00 
x6	|   0.00  -6.00   1.00   3.00   0.00  -1.00   1.00   0.00 |   4.00 
x7	|   0.00  -2.00   1.00   1.00   0.00  -1.00   0.00   1.00 |   2.00 

z	|   0.00   2.00   0.00  -1.00   0.00   0.00   0.00   1.00 |  -1.00 
x4	|   0.00  -5.00   0.00   4.00   1.00  -2.00   0.00   1.00 |  16.00 
x0	|   1.00  -2.00   0.00   1.00  -0.00   0.00  -0.00  -1.00 |   1.00 
x6	|   0.00  -4.00   0.00   2.00   0.00   0.00   1.00  -1.00 |   2.00 
x2	|   0.00  -2.00   1.00   1.00   0.00  -1.00   0.00   1.00 |   2.00 

z	|   1.00   0.00   0.00   0.00   0.00   0.00   0.00   0.00 |   0.00 
x4	|  -4.00   3.00   0.00   0.00   1.00  -2.00   0.00   5.00 |  12.00 
x3	|   1.00  -2.00   0.00   1.00  -0.00   0.00  -0.00  -1.00 |   1.00 
x6	|  -2.00   0.00   0.00   0.00   0.00   0.00   1.00   1.00 |   0.00 
x2	|  -1.00   0.00   1.00   0.00   0.00  -1.00   0.00   2.00 |   1.00 

solution found
the helper LP has got optimal value

z	|  -1.00   0.00   0.00   0.00   1.00   0.00  -1.00 |  -2.00 
x4	|   3.00   0.00   0.00   1.00  -2.00   0.00   5.00 |  12.00 
x3	|  -2.00   0.00   1.00  -0.00   0.00  -0.00  -1.00 |   1.00 
x6	|   0.00   0.00   0.00   0.00   0.00   1.00   1.00 |   0.00 
x2	|   0.00   1.00   0.00   0.00  -1.00   0.00   2.00 |   1.00 

z	|  -1.00   0.00   0.00   0.00   1.00   0.00  -1.00 |  -2.00 
x4	|   3.00   0.00   0.00   1.00  -2.00   0.00   5.00 |  12.00 
x3	|  -2.00   0.00   1.00  -0.00   0.00  -0.00  -1.00 |   1.00 
x6	|   0.00   0.00   0.00   0.00   0.00   1.00   1.00 |   0.00 
x2	|   0.00   1.00   0.00   0.00  -1.00   0.00   2.00 |   1.00 

z	|   0.00   0.00   0.00   0.33   0.33   0.00   0.67 |   2.00 
x1	|   1.00   0.00   0.00   0.33  -0.67   0.00   1.67 |   4.00 
x3	|   0.00   0.00   1.00   0.67  -1.33   0.00   2.33 |   9.00 
x6	|   0.00   0.00   0.00   0.00   0.00   1.00   1.00 |   0.00 
x2	|   0.00   1.00   0.00   0.00  -1.00   0.00   2.00 |   1.00 

solution found
