
constructing helper LP...

z	|   1.00   0.00   0.00   0.00   0.00 |   0.00 
x3	|  -1.00   2.00  -1.00   1.00   0.00 |   2.00 
x4	|  -1.00   1.00  -5.00   0.00   1.00 |  -4.00 

z	|   0.00   1.00  -5.00   0.00   1.00 |  -4.00 
x3	|   0.00   1.00   4.00   1.00  -1.00 |   6.00 
x0	|   1.00  -1.00   5.00  -0.00  -1.00 |   4.00 

z	|   1.00   0.00   0.00   0.00   0.00 |   0.00 
x3	|  -0.80   1.80   0.00   1.00  -0.20 |   2.80 
x2	|   0.20  -0.20   1.00  -0.00  -0.20 |   0.80 

solution found
the helper LP has got optimal value

z	|  -1.80   0.00   0.00   0.20 |  -0.80 
x3	|   1.80   0.00   1.00  -0.20 |   2.80 
x2	|  -0.20   1.00  -0.00  -0.20 |   0.80 

z	|  -1.80   0.00   0.00   0.20 |  -0.80 
x3	|   1.80   0.00   1.00  -0.20 |   2.80 
x2	|  -0.20   1.00  -0.00  -0.20 |   0.80 

z	|   0.00   0.00   1.00   0.00 |   2.00 
x1	|   1.00   0.00   0.56  -0.11 |   1.56 
x2	|   0.00   1.00   0.11  -0.22 |   1.11 

solution found
