input m n: input A[m][n]: input b[m]: input c[n]: 
constructing helper LP...

z	|   1.00   0.00   0.00   0.00   0.00   0.00   0.00   0.00   0.00   0.00   0.00   0.00 |   0.00 
x6	|  -1.00   1.00   2.00   0.00   1.00   0.00   1.00   0.00   0.00   0.00   0.00   0.00 | 100.00 
x7	|  -1.00   0.00   0.00   2.00   2.00   1.00   0.00   1.00   0.00   0.00   0.00   0.00 | 100.00 
x8	|  -1.00   3.00   1.00   2.00   0.00   3.00   0.00   0.00   1.00   0.00   0.00   0.00 | 100.00 
x9	|  -1.00  -1.00  -2.00   0.00  -1.00   0.00   0.00   0.00   0.00   1.00   0.00   0.00 | -100.00 
x10	|  -1.00   0.00   0.00  -2.00  -2.00  -1.00   0.00   0.00   0.00   0.00   1.00   0.00 | -100.00 
x11	|  -1.00  -3.00  -1.00  -2.00   0.00  -3.00   0.00   0.00   0.00   0.00   0.00   1.00 | -100.00 

z	|   0.00  -1.00  -2.00   0.00  -1.00   0.00   0.00   0.00   0.00   1.00   0.00   0.00 | -100.00 
x6	|   0.00   2.00   4.00   0.00   2.00   0.00   1.00   0.00   0.00  -1.00   0.00   0.00 | 200.00 
x7	|   0.00   1.00   2.00   2.00   3.00   1.00   0.00   1.00   0.00  -1.00   0.00   0.00 | 200.00 
x8	|   0.00   4.00   3.00   2.00   1.00   3.00   0.00   0.00   1.00  -1.00   0.00   0.00 | 200.00 
x0	|   1.00   1.00   2.00  -0.00   1.00  -0.00  -0.00  -0.00  -0.00  -1.00  -0.00  -0.00 | 100.00 
x10	|   0.00   1.00   2.00  -2.00  -1.00  -1.00   0.00   0.00   0.00  -1.00   1.00   0.00 |   0.00 
x11	|   0.00  -2.00   1.00  -2.00   1.00  -3.00   0.00   0.00   0.00  -1.00   0.00   1.00 |   0.00 

z	|   0.00   0.00   0.00  -2.00  -2.00  -1.00   0.00   0.00   0.00   0.00   1.00   0.00 | -100.00 
x6	|   0.00   0.00   0.00   4.00   4.00   2.00   1.00   0.00   0.00   1.00  -2.00   0.00 | 200.00 
x7	|   0.00   0.00   0.00   4.00   4.00   2.00   0.00   1.00   0.00   0.00  -1.00   0.00 | 200.00 
x8	|   0.00   0.00  -5.00  10.00   5.00   7.00   0.00   0.00   1.00   3.00  -4.00   0.00 | 200.00 
x0	|   1.00   0.00   0.00   2.00   2.00   1.00  -0.00  -0.00  -0.00   0.00  -1.00  -0.00 | 100.00 
x1	|   0.00   1.00   2.00  -2.00  -1.00  -1.00   0.00   0.00   0.00  -1.00   1.00   0.00 |   0.00 
x11	|   0.00   0.00   5.00  -6.00  -1.00  -5.00   0.00   0.00   0.00  -3.00   2.00   1.00 |   0.00 

z	|   0.00   0.00  -1.00   0.00  -1.00   0.40   0.00   0.00   0.20   0.60   0.20   0.00 | -60.00 
x6	|   0.00   0.00   2.00   0.00   2.00  -0.80   1.00   0.00  -0.40  -0.20  -0.40   0.00 | 120.00 
x7	|   0.00   0.00   2.00   0.00   2.00  -0.80   0.00   1.00  -0.40  -1.20   0.60   0.00 | 120.00 
x3	|   0.00   0.00  -0.50   1.00   0.50   0.70   0.00   0.00   0.10   0.30  -0.40   0.00 |  20.00 
x0	|   1.00   0.00   1.00   0.00   1.00  -0.40  -0.00  -0.00  -0.20  -0.60  -0.20  -0.00 |  60.00 
x1	|   0.00   1.00   1.00   0.00   0.00   0.40   0.00   0.00   0.20  -0.40   0.20   0.00 |  40.00 
x11	|   0.00   0.00   2.00   0.00   2.00  -0.80   0.00   0.00   0.60  -1.20  -0.40   1.00 | 120.00 

z	|   0.00   1.00   0.00   0.00  -1.00   0.80   0.00   0.00   0.40   0.20   0.40   0.00 | -20.00 
x6	|   0.00  -2.00   0.00   0.00   2.00  -1.60   1.00   0.00  -0.80   0.60  -0.80   0.00 |  40.00 
x7	|   0.00  -2.00   0.00   0.00   2.00  -1.60   0.00   1.00  -0.80  -0.40   0.20   0.00 |  40.00 
x3	|   0.00   0.50   0.00   1.00   0.50   0.90   0.00   0.00   0.20   0.10  -0.30   0.00 |  40.00 
x0	|   1.00  -1.00   0.00   0.00   1.00  -0.80  -0.00  -0.00  -0.40  -0.20  -0.40  -0.00 |  20.00 
x2	|   0.00   1.00   1.00   0.00   0.00   0.40   0.00   0.00   0.20  -0.40   0.20   0.00 |  40.00 
x11	|   0.00  -2.00   0.00   0.00   2.00  -1.60   0.00   0.00   0.20  -0.40  -0.80   1.00 |  40.00 

z	|   0.00   0.00   0.00   0.00   0.00   0.00   0.50   0.00   0.00   0.50   0.00   0.00 |   0.00 
x4	|   0.00  -1.00   0.00   0.00   1.00  -0.80   0.50   0.00  -0.40   0.30  -0.40   0.00 |  20.00 
x7	|   0.00   0.00   0.00   0.00   0.00   0.00  -1.00   1.00   0.00  -1.00   1.00   0.00 |   0.00 
x3	|   0.00   1.00   0.00   1.00   0.00   1.30  -0.25   0.00   0.40  -0.05  -0.10   0.00 |  30.00 
x0	|   1.00   0.00   0.00   0.00   0.00   0.00  -0.50  -0.00   0.00  -0.50   0.00  -0.00 |   0.00 
x2	|   0.00   1.00   1.00   0.00   0.00   0.40   0.00   0.00   0.20  -0.40   0.20   0.00 |  40.00 
x11	|   0.00   0.00   0.00   0.00   0.00  -0.00  -1.00   0.00   1.00  -1.00  -0.00   1.00 |   0.00 

solution found
the helper LP has got optimal value

z	|  -0.00   0.00   0.00   0.00   0.74   0.00   0.00   0.02   0.06   0.12   0.00 | -16.00 
x4	|  -1.00   0.00   0.00   1.00  -0.80   0.00   0.00  -0.40  -0.20  -0.40   0.00 |  20.00 
x7	|   0.00   0.00   0.00   0.00   0.00   0.00   1.00   0.00   0.00   1.00   0.00 |   0.00 
x3	|   1.00   0.00   1.00   0.00   1.30   0.00   0.00   0.40   0.20  -0.10   0.00 |  30.00 
x6	|  -0.00  -0.00  -0.00  -0.00  -0.00   1.00   0.00  -0.00   1.00  -0.00   0.00 |  -0.00 
x2	|   1.00   1.00   0.00   0.00   0.40   0.00   0.00   0.20  -0.40   0.20   0.00 |  40.00 
x11	|   0.00   0.00   0.00   0.00  -0.00   0.00   0.00   1.00  -0.00  -0.00   1.00 |   0.00 

z	|  -0.00   0.00   0.00   0.00   0.74   0.00   0.00   0.02   0.06   0.12   0.00 | -16.00 
x4	|  -1.00   0.00   0.00   1.00  -0.80   0.00   0.00  -0.40  -0.20  -0.40   0.00 |  20.00 
x7	|   0.00   0.00   0.00   0.00   0.00   0.00   1.00   0.00   0.00   1.00   0.00 |   0.00 
x3	|   1.00   0.00   1.00   0.00   1.30   0.00   0.00   0.40   0.20  -0.10   0.00 |  30.00 
x6	|  -0.00  -0.00  -0.00  -0.00  -0.00   1.00   0.00  -0.00   1.00  -0.00   0.00 |  -0.00 
x2	|   1.00   1.00   0.00   0.00   0.40   0.00   0.00   0.20  -0.40   0.20   0.00 |  40.00 
x11	|   0.00   0.00   0.00   0.00  -0.00   0.00   0.00   1.00  -0.00  -0.00   1.00 |   0.00 

z	|   0.00   0.00   0.00   0.00   0.74   0.00   0.00   0.02   0.06   0.12   0.00 | -16.00 
x4	|   0.00   0.00   1.00   1.00   0.50   0.00   0.00   0.00   0.00  -0.50   0.00 |  50.00 
x7	|   0.00   0.00   0.00   0.00   0.00   0.00   1.00   0.00   0.00   1.00   0.00 |   0.00 
x1	|   1.00   0.00   1.00   0.00   1.30   0.00   0.00   0.40   0.20  -0.10   0.00 |  30.00 
x6	|   0.00   0.00   0.00   0.00   0.00   1.00   0.00   0.00   1.00  -0.00   0.00 |   0.00 
x2	|   0.00   1.00  -1.00   0.00  -0.90   0.00   0.00  -0.20  -0.60   0.30   0.00 |  10.00 
x11	|   0.00   0.00   0.00   0.00  -0.00   0.00   0.00   1.00  -0.00  -0.00   1.00 |   0.00 

solution found
