z	|  15.00 -25.00 -15.00  30.00 -10.00  -0.00  40.00  -0.00  10.00   0.00   0.00   0.00   0.00   0.00   0.00   0.00 |   0.00 
x10	|  -0.50   0.50   0.50   0.00   0.00   0.00   0.00   0.00   0.00   1.00   0.00   0.00   0.00   0.00   0.00   0.00 |   0.00 
x11	|  -0.25   0.75  -0.25   0.00   0.00   0.00   0.00   0.00   0.00   0.00   1.00   0.00   0.00   0.00   0.00   0.00 |   0.00 
x12	|   0.00   0.00   0.00  -0.75   0.25   0.25   0.00   0.00   0.00   0.00   0.00   1.00   0.00   0.00   0.00   0.00 |   0.00 
x13	|   0.00   0.00   0.00  -0.50   0.50  -0.50   0.00   0.00   0.00   0.00   0.00   0.00   1.00   0.00   0.00   0.00 |   0.00 
x14	|   1.00   0.00   0.00   1.00   0.00   0.00   1.00   0.00   0.00   0.00   0.00   0.00   0.00   1.00   0.00   0.00 | 100.00 
x15	|   0.00   1.00   0.00   0.00   1.00   0.00   0.00   1.00   0.00   0.00   0.00   0.00   0.00   0.00   1.00   0.00 | 100.00 
x16	|   0.00   0.00   1.00   0.00   0.00   1.00   0.00   0.00   1.00   0.00   0.00   0.00   0.00   0.00   0.00   1.00 |  60.00 

z	|  15.00 -25.00 -15.00  30.00 -10.00  -0.00  40.00  -0.00  10.00   0.00   0.00   0.00   0.00   0.00   0.00   0.00 |   0.00 
x10	|  -0.50   0.50   0.50   0.00   0.00   0.00   0.00   0.00   0.00   1.00   0.00   0.00   0.00   0.00   0.00   0.00 |   0.00 
x11	|  -0.25   0.75  -0.25   0.00   0.00   0.00   0.00   0.00   0.00   0.00   1.00   0.00   0.00   0.00   0.00   0.00 |   0.00 
x12	|   0.00   0.00   0.00  -0.75   0.25   0.25   0.00   0.00   0.00   0.00   0.00   1.00   0.00   0.00   0.00   0.00 |   0.00 
x13	|   0.00   0.00   0.00  -0.50   0.50  -0.50   0.00   0.00   0.00   0.00   0.00   0.00   1.00   0.00   0.00   0.00 |   0.00 
x14	|   1.00   0.00   0.00   1.00   0.00   0.00   1.00   0.00   0.00   0.00   0.00   0.00   0.00   1.00   0.00   0.00 | 100.00 
x15	|   0.00   1.00   0.00   0.00   1.00   0.00   0.00   1.00   0.00   0.00   0.00   0.00   0.00   0.00   1.00   0.00 | 100.00 
x16	|   0.00   0.00   1.00   0.00   0.00   1.00   0.00   0.00   1.00   0.00   0.00   0.00   0.00   0.00   0.00   1.00 |  60.00 

z	| -10.00   0.00  10.00  30.00 -10.00   0.00  40.00   0.00  10.00  50.00   0.00   0.00   0.00   0.00   0.00   0.00 |   0.00 
x2	|  -1.00   1.00   1.00   0.00   0.00   0.00   0.00   0.00   0.00   2.00   0.00   0.00   0.00   0.00   0.00   0.00 |   0.00 
x11	|   0.50   0.00  -1.00   0.00   0.00   0.00   0.00   0.00   0.00  -1.50   1.00   0.00   0.00   0.00   0.00   0.00 |   0.00 
x12	|   0.00   0.00   0.00  -0.75   0.25   0.25   0.00   0.00   0.00   0.00   0.00   1.00   0.00   0.00   0.00   0.00 |   0.00 
x13	|   0.00   0.00   0.00  -0.50   0.50  -0.50   0.00   0.00   0.00   0.00   0.00   0.00   1.00   0.00   0.00   0.00 |   0.00 
x14	|   1.00   0.00   0.00   1.00   0.00   0.00   1.00   0.00   0.00   0.00   0.00   0.00   0.00   1.00   0.00   0.00 | 100.00 
x15	|   1.00   0.00  -1.00   0.00   1.00   0.00   0.00   1.00   0.00  -2.00   0.00   0.00   0.00   0.00   1.00   0.00 | 100.00 
x16	|   0.00   0.00   1.00   0.00   0.00   1.00   0.00   0.00   1.00   0.00   0.00   0.00   0.00   0.00   0.00   1.00 |  60.00 

z	|   0.00   0.00 -10.00  30.00 -10.00   0.00  40.00   0.00  10.00  20.00  20.00   0.00   0.00   0.00   0.00   0.00 |   0.00 
x2	|   0.00   1.00  -1.00   0.00   0.00   0.00   0.00   0.00   0.00  -1.00   2.00   0.00   0.00   0.00   0.00   0.00 |   0.00 
x1	|   1.00   0.00  -2.00   0.00   0.00   0.00   0.00   0.00   0.00  -3.00   2.00   0.00   0.00   0.00   0.00   0.00 |   0.00 
x12	|   0.00   0.00   0.00  -0.75   0.25   0.25   0.00   0.00   0.00   0.00   0.00   1.00   0.00   0.00   0.00   0.00 |   0.00 
x13	|   0.00   0.00   0.00  -0.50   0.50  -0.50   0.00   0.00   0.00   0.00   0.00   0.00   1.00   0.00   0.00   0.00 |   0.00 
x14	|   0.00   0.00   2.00   1.00   0.00   0.00   1.00   0.00   0.00   3.00  -2.00   0.00   0.00   1.00   0.00   0.00 | 100.00 
x15	|   0.00   0.00   1.00   0.00   1.00   0.00   0.00   1.00   0.00   1.00  -2.00   0.00   0.00   0.00   1.00   0.00 | 100.00 
x16	|   0.00   0.00   1.00   0.00   0.00   1.00   0.00   0.00   1.00   0.00   0.00   0.00   0.00   0.00   0.00   1.00 |  60.00 

z	|   0.00   0.00   0.00  35.00 -10.00   0.00  45.00   0.00  10.00  35.00  10.00   0.00   0.00   5.00   0.00   0.00 | 500.00 
x2	|   0.00   1.00   0.00   0.50   0.00   0.00   0.50   0.00   0.00   0.50   1.00   0.00   0.00   0.50   0.00   0.00 |  50.00 
x1	|   1.00   0.00   0.00   1.00   0.00   0.00   1.00   0.00   0.00   0.00   0.00   0.00   0.00   1.00   0.00   0.00 | 100.00 
x12	|   0.00   0.00   0.00  -0.75   0.25   0.25   0.00   0.00   0.00   0.00   0.00   1.00   0.00   0.00   0.00   0.00 |   0.00 
x13	|   0.00   0.00   0.00  -0.50   0.50  -0.50   0.00   0.00   0.00   0.00   0.00   0.00   1.00   0.00   0.00   0.00 |   0.00 
x3	|   0.00   0.00   1.00   0.50   0.00   0.00   0.50   0.00   0.00   1.50  -1.00   0.00   0.00   0.50   0.00   0.00 |  50.00 
x15	|   0.00   0.00   0.00  -0.50   1.00   0.00  -0.50   1.00   0.00  -0.50  -1.00   0.00   0.00  -0.50   1.00   0.00 |  50.00 
x16	|   0.00   0.00   0.00  -0.50   0.00   1.00  -0.50   0.00   1.00  -1.50   1.00   0.00   0.00  -0.50   0.00   1.00 |  10.00 

z	|   0.00   0.00   0.00   5.00   0.00  10.00  45.00   0.00  10.00  35.00  10.00  40.00   0.00   5.00   0.00   0.00 | 500.00 
x2	|   0.00   1.00   0.00   0.50   0.00   0.00   0.50   0.00   0.00   0.50   1.00   0.00   0.00   0.50   0.00   0.00 |  50.00 
x1	|   1.00   0.00   0.00   1.00   0.00   0.00   1.00   0.00   0.00   0.00   0.00   0.00   0.00   1.00   0.00   0.00 | 100.00 
x5	|   0.00   0.00   0.00  -3.00   1.00   1.00   0.00   0.00   0.00   0.00   0.00   4.00   0.00   0.00   0.00   0.00 |   0.00 
x13	|   0.00   0.00   0.00   1.00   0.00  -1.00   0.00   0.00   0.00   0.00   0.00  -2.00   1.00   0.00   0.00   0.00 |   0.00 
x3	|   0.00   0.00   1.00   0.50   0.00   0.00   0.50   0.00   0.00   1.50  -1.00   0.00   0.00   0.50   0.00   0.00 |  50.00 
x15	|   0.00   0.00   0.00   2.50   0.00  -1.00  -0.50   1.00   0.00  -0.50  -1.00  -4.00   0.00  -0.50   1.00   0.00 |  50.00 
x16	|   0.00   0.00   0.00  -0.50   0.00   1.00  -0.50   0.00   1.00  -1.50   1.00   0.00   0.00  -0.50   0.00   1.00 |  10.00 

solution found
