input m n: input A[m][n]: input b[m]: input c[n]: 
constructing helper LP...

z	|   1.00   0.00   0.00   0.00   0.00   0.00   0.00   0.00   0.00   0.00   0.00   0.00   0.00   0.00   0.00   0.00   0.00   0.00   0.00   0.00 |   0.00 
x7	|  -1.00 500.00   0.00   0.00   0.00   0.00   0.00   1.00   0.00   0.00   0.00   0.00   0.00   0.00   0.00   0.00   0.00   0.00   0.00   0.00 | 5000.00 
x8	|  -1.00 1000.00 500.00   0.00   0.00   0.00   0.00   0.00   1.00   0.00   0.00   0.00   0.00   0.00   0.00   0.00   0.00   0.00   0.00   0.00 | 9000.00 
x9	|  -1.00 1500.00 1000.00 500.00   0.00   0.00   0.00   0.00   0.00   1.00   0.00   0.00   0.00   0.00   0.00   0.00   0.00   0.00   0.00   0.00 | 12000.00 
x10	|  -1.00 2000.00 1500.00 1000.00 500.00   0.00   0.00   0.00   0.00   0.00   1.00   0.00   0.00   0.00   0.00   0.00   0.00   0.00   0.00   0.00 | 16000.00 
x11	|  -1.00 2500.00 2000.00 1500.00 1000.00 500.00   0.00   0.00   0.00   0.00   0.00   1.00   0.00   0.00   0.00   0.00   0.00   0.00   0.00   0.00 | 18500.00 
x12	|  -1.00 3000.00 2500.00 2000.00 1500.00 1000.00 500.00   0.00   0.00   0.00   0.00   0.00   1.00   0.00   0.00   0.00   0.00   0.00   0.00   0.00 | 21500.00 
x13	|  -1.00 3500.00 3000.00 2500.00 2000.00 1500.00 1000.00   0.00   0.00   0.00   0.00   0.00   0.00   1.00   0.00   0.00   0.00   0.00   0.00   0.00 | 25500.00 
x14	|  -1.00 4000.00 3500.00 3000.00 2500.00 2000.00 1500.00   0.00   0.00   0.00   0.00   0.00   0.00   0.00   1.00   0.00   0.00   0.00   0.00   0.00 | 30000.00 
x15	|  -1.00 4000.00 4000.00 3500.00 2500.00 2500.00 2000.00   0.00   0.00   0.00   0.00   0.00   0.00   0.00   0.00   1.00   0.00   0.00   0.00   0.00 | 33500.00 
x16	|  -1.00 -4000.00 -4000.00 -4000.00 -2500.00 -2500.00 -2500.00   0.00   0.00   0.00   0.00   0.00   0.00   0.00   0.00   0.00   1.00   0.00   0.00   0.00 | -36000.00 
x17	|  -1.00 -2000.00 -1500.00 -1000.00 -500.00   0.00   0.00   0.00   0.00   0.00   0.00   0.00   0.00   0.00   0.00   0.00   0.00   1.00   0.00   0.00 | -12000.00 
x18	|  -1.00 -3500.00 -3000.00 -2500.00 -2000.00 -1500.00 -1000.00   0.00   0.00   0.00   0.00   0.00   0.00   0.00   0.00   0.00   0.00   0.00   1.00   0.00 | -21500.00 
x19	|  -1.00   1.00   1.00   1.00   1.00   1.00   1.00   0.00   0.00   0.00   0.00   0.00   0.00   0.00   0.00   0.00   0.00   0.00   0.00   1.00 |  11.00 

z	|   0.00 -4000.00 -4000.00 -4000.00 -2500.00 -2500.00 -2500.00   0.00   0.00   0.00   0.00   0.00   0.00   0.00   0.00   0.00   1.00   0.00   0.00   0.00 | -36000.00 
x7	|   0.00 4500.00 4000.00 4000.00 2500.00 2500.00 2500.00   1.00   0.00   0.00   0.00   0.00   0.00   0.00   0.00   0.00  -1.00   0.00   0.00   0.00 | 41000.00 
x8	|   0.00 5000.00 4500.00 4000.00 2500.00 2500.00 2500.00   0.00   1.00   0.00   0.00   0.00   0.00   0.00   0.00   0.00  -1.00   0.00   0.00   0.00 | 45000.00 
x9	|   0.00 5500.00 5000.00 4500.00 2500.00 2500.00 2500.00   0.00   0.00   1.00   0.00   0.00   0.00   0.00   0.00   0.00  -1.00   0.00   0.00   0.00 | 48000.00 
x10	|   0.00 6000.00 5500.00 5000.00 3000.00 2500.00 2500.00   0.00   0.00   0.00   1.00   0.00   0.00   0.00   0.00   0.00  -1.00   0.00   0.00   0.00 | 52000.00 
x11	|   0.00 6500.00 6000.00 5500.00 3500.00 3000.00 2500.00   0.00   0.00   0.00   0.00   1.00   0.00   0.00   0.00   0.00  -1.00   0.00   0.00   0.00 | 54500.00 
x12	|   0.00 7000.00 6500.00 6000.00 4000.00 3500.00 3000.00   0.00   0.00   0.00   0.00   0.00   1.00   0.00   0.00   0.00  -1.00   0.00   0.00   0.00 | 57500.00 
x13	|   0.00 7500.00 7000.00 6500.00 4500.00 4000.00 3500.00   0.00   0.00   0.00   0.00   0.00   0.00   1.00   0.00   0.00  -1.00   0.00   0.00   0.00 | 61500.00 
x14	|   0.00 8000.00 7500.00 7000.00 5000.00 4500.00 4000.00   0.00   0.00   0.00   0.00   0.00   0.00   0.00   1.00   0.00  -1.00   0.00   0.00   0.00 | 66000.00 
x15	|   0.00 8000.00 8000.00 7500.00 5000.00 5000.00 4500.00   0.00   0.00   0.00   0.00   0.00   0.00   0.00   0.00   1.00  -1.00   0.00   0.00   0.00 | 69500.00 
x0	|   1.00 4000.00 4000.00 4000.00 2500.00 2500.00 2500.00  -0.00  -0.00  -0.00  -0.00  -0.00  -0.00  -0.00  -0.00  -0.00  -1.00  -0.00  -0.00  -0.00 | 36000.00 
x17	|   0.00 2000.00 2500.00 3000.00 2000.00 2500.00 2500.00   0.00   0.00   0.00   0.00   0.00   0.00   0.00   0.00   0.00  -1.00   1.00   0.00   0.00 | 24000.00 
x18	|   0.00 500.00 1000.00 1500.00 500.00 1000.00 1500.00   0.00   0.00   0.00   0.00   0.00   0.00   0.00   0.00   0.00  -1.00   0.00   1.00   0.00 | 14500.00 
x19	|   0.00 4001.00 4001.00 4001.00 2501.00 2501.00 2501.00   0.00   0.00   0.00   0.00   0.00   0.00   0.00   0.00   0.00  -1.00   0.00   0.00   1.00 | 36011.00 

z	|   0.00   0.00 -266.67 -533.33 -100.00 -366.67 -633.33   0.00   0.00   0.00   0.00   0.00   0.00   0.53   0.00   0.00   0.47   0.00   0.00   0.00 | -3200.00 
x7	|   0.00   0.00 -200.00 100.00 -200.00 100.00 400.00   1.00   0.00   0.00   0.00   0.00   0.00  -0.60   0.00   0.00  -0.40   0.00   0.00   0.00 | 4100.00 
x8	|   0.00   0.00 -166.67 -333.33 -500.00 -166.67 166.67   0.00   1.00   0.00   0.00   0.00   0.00  -0.67   0.00   0.00  -0.33   0.00   0.00   0.00 | 4000.00 
x9	|   0.00   0.00 -133.33 -266.67 -800.00 -433.33 -66.67   0.00   0.00   1.00   0.00   0.00   0.00  -0.73   0.00   0.00  -0.27   0.00   0.00   0.00 | 2900.00 
x10	|   0.00   0.00 -100.00 -200.00 -600.00 -700.00 -300.00   0.00   0.00   0.00   1.00   0.00   0.00  -0.80   0.00   0.00  -0.20   0.00   0.00   0.00 | 2800.00 
x11	|   0.00   0.00 -66.67 -133.33 -400.00 -466.67 -533.33   0.00   0.00   0.00   0.00   1.00   0.00  -0.87   0.00   0.00  -0.13   0.00   0.00   0.00 | 1200.00 
x12	|   0.00   0.00 -33.33 -66.67 -200.00 -233.33 -266.67   0.00   0.00   0.00   0.00   0.00   1.00  -0.93   0.00   0.00  -0.07   0.00   0.00   0.00 | 100.00 
x1	|   0.00   1.00   0.93   0.87   0.60   0.53   0.47   0.00   0.00   0.00   0.00   0.00   0.00   0.00   0.00   0.00  -0.00   0.00   0.00   0.00 |   8.20 
x14	|   0.00   0.00  33.33  66.67 200.00 233.33 266.67   0.00   0.00   0.00   0.00   0.00   0.00  -1.07   1.00   0.00   0.07   0.00   0.00   0.00 | 400.00 
x15	|   0.00   0.00 533.33 566.67 200.00 733.33 766.67   0.00   0.00   0.00   0.00   0.00   0.00  -1.07   0.00   1.00   0.07   0.00   0.00   0.00 | 3900.00 
x0	|   1.00   0.00 266.67 533.33 100.00 366.67 633.33  -0.00  -0.00  -0.00  -0.00  -0.00  -0.00  -0.53  -0.00  -0.00  -0.47  -0.00  -0.00  -0.00 | 3200.00 
x17	|   0.00   0.00 633.33 1266.67 800.00 1433.33 1566.67   0.00   0.00   0.00   0.00   0.00   0.00  -0.27   0.00   0.00  -0.73   1.00   0.00   0.00 | 7600.00 
x18	|   0.00   0.00 533.33 1066.67 200.00 733.33 1266.67   0.00   0.00   0.00   0.00   0.00   0.00  -0.07   0.00   0.00  -0.93   0.00   1.00   0.00 | 10400.00 
x19	|   0.00   0.00 266.73 533.47 100.40 367.13 633.87   0.00   0.00   0.00   0.00   0.00   0.00  -0.53   0.00   0.00  -0.47   0.00   0.00   1.00 | 3202.80 

z	|   0.00   0.00   0.00 -250.00   0.00   0.00 -250.00   0.00   0.00   0.00   0.00   0.00   0.00   0.00   0.00   0.50   0.50   0.00   0.00   0.00 | -1250.00 
x7	|   0.00   0.00   0.00 312.50 -125.00 375.00 687.50   1.00   0.00   0.00   0.00   0.00   0.00  -1.00   0.00   0.38  -0.38   0.00   0.00   0.00 | 5562.50 
x8	|   0.00   0.00   0.00 -156.25 -437.50  62.50 406.25   0.00   1.00   0.00   0.00   0.00   0.00  -1.00   0.00   0.31  -0.31   0.00   0.00   0.00 | 5218.75 
x9	|   0.00   0.00   0.00 -125.00 -750.00 -250.00 125.00   0.00   0.00   1.00   0.00   0.00   0.00  -1.00   0.00   0.25  -0.25   0.00   0.00   0.00 | 3875.00 
x10	|   0.00   0.00   0.00 -93.75 -562.50 -562.50 -156.25   0.00   0.00   0.00   1.00   0.00   0.00  -1.00   0.00   0.19  -0.19   0.00   0.00   0.00 | 3531.25 
x11	|   0.00   0.00   0.00 -62.50 -375.00 -375.00 -437.50   0.00   0.00   0.00   0.00   1.00   0.00  -1.00   0.00   0.13  -0.12   0.00   0.00   0.00 | 1687.50 
x12	|   0.00   0.00   0.00 -31.25 -187.50 -187.50 -218.75   0.00   0.00   0.00   0.00   0.00   1.00  -1.00   0.00   0.06  -0.06   0.00   0.00   0.00 | 343.75 
x1	|   0.00   1.00   0.00  -0.12   0.25  -0.75  -0.88   0.00   0.00   0.00   0.00   0.00   0.00   0.00   0.00  -0.00  -0.00   0.00   0.00   0.00 |   1.37 
x14	|   0.00   0.00   0.00  31.25 187.50 187.50 218.75   0.00   0.00   0.00   0.00   0.00   0.00  -1.00   1.00  -0.06   0.06   0.00   0.00   0.00 | 156.25 
x2	|   0.00   0.00   1.00   1.06   0.38   1.38   1.44   0.00   0.00   0.00   0.00   0.00   0.00  -0.00   0.00   0.00   0.00   0.00   0.00   0.00 |   7.31 
x0	|   1.00   0.00   0.00 250.00   0.00   0.00 250.00  -0.00  -0.00  -0.00  -0.00  -0.00  -0.00   0.00  -0.00  -0.50  -0.50  -0.00  -0.00  -0.00 | 1250.00 
x17	|   0.00   0.00   0.00 593.75 562.50 562.50 656.25   0.00   0.00   0.00   0.00   0.00   0.00   1.00   0.00  -1.19  -0.81   1.00   0.00   0.00 | 2968.75 
x18	|   0.00   0.00   0.00 500.00  -0.00  -0.00 500.00   0.00   0.00   0.00   0.00   0.00   0.00   1.00   0.00  -1.00  -1.00   0.00   1.00   0.00 | 6500.00 
x19	|   0.00   0.00   0.00 250.06   0.38   0.38 250.44   0.00   0.00   0.00   0.00   0.00   0.00  -0.00   0.00  -0.50  -0.50   0.00   0.00   1.00 | 1252.31 

z	|   0.00   0.00   0.00   0.00 236.84 236.84  26.32   0.00   0.00   0.00   0.00   0.00   0.00   0.42   0.00   0.00   0.16   0.42   0.00   0.00 |  -0.00 
x7	|   0.00   0.00   0.00   0.00 -421.05  78.95 342.11   1.00   0.00   0.00   0.00   0.00   0.00  -1.53   0.00   1.00   0.05  -0.53   0.00   0.00 | 4000.00 
x8	|   0.00   0.00   0.00   0.00 -289.47 210.53 578.95   0.00   1.00   0.00   0.00   0.00   0.00  -0.74   0.00   0.00  -0.53   0.26   0.00   0.00 | 6000.00 
x9	|   0.00   0.00   0.00   0.00 -631.58 -131.58 263.16   0.00   0.00   1.00   0.00   0.00   0.00  -0.79   0.00  -0.00  -0.42   0.21   0.00   0.00 | 4500.00 
x10	|   0.00   0.00   0.00   0.00 -473.68 -473.68 -52.63   0.00   0.00   0.00   1.00   0.00   0.00  -0.84   0.00   0.00  -0.32   0.16   0.00   0.00 | 4000.00 
x11	|   0.00   0.00   0.00   0.00 -315.79 -315.79 -368.42   0.00   0.00   0.00   0.00   1.00   0.00  -0.89   0.00   0.00  -0.21   0.11   0.00   0.00 | 2000.00 
x12	|   0.00   0.00   0.00   0.00 -157.89 -157.89 -184.21   0.00   0.00   0.00   0.00   0.00   1.00  -0.95   0.00  -0.00  -0.11   0.05   0.00   0.00 | 500.00 
x1	|   0.00   1.00   0.00   0.00   0.37  -0.63  -0.74   0.00   0.00   0.00   0.00   0.00   0.00   0.00   0.00  -0.00  -0.00   0.00   0.00   0.00 |   2.00 
x14	|   0.00   0.00   0.00   0.00 157.89 157.89 184.21   0.00   0.00   0.00   0.00   0.00   0.00  -1.05   1.00  -0.00   0.11  -0.05   0.00   0.00 |   0.00 
x2	|   0.00   0.00   1.00   0.00  -0.63   0.37   0.26   0.00   0.00   0.00   0.00   0.00   0.00  -0.00   0.00   0.00   0.00  -0.00   0.00   0.00 |   2.00 
x0	|   1.00   0.00   0.00   0.00 -236.84 -236.84 -26.32  -0.00  -0.00  -0.00  -0.00  -0.00  -0.00  -0.42  -0.00   0.00  -0.16  -0.42  -0.00  -0.00 |   0.00 
x3	|   0.00   0.00   0.00   1.00   0.95   0.95   1.11   0.00   0.00   0.00   0.00   0.00   0.00   0.00   0.00  -0.00  -0.00   0.00   0.00   0.00 |   5.00 
x18	|   0.00   0.00   0.00   0.00 -473.68 -473.68 -52.63   0.00   0.00   0.00   0.00   0.00   0.00   0.16   0.00  -0.00  -0.32  -0.84   1.00   0.00 | 4000.00 
x19	|   0.00   0.00   0.00   0.00 -236.53 -236.53 -25.95   0.00   0.00   0.00   0.00   0.00   0.00  -0.42   0.00   0.00  -0.16  -0.42   0.00   1.00 |   2.00 

solution found
the helper LP has got optimal value

z	|   0.00   0.00   0.00   0.00   0.00 -12.22   0.00   0.00   0.00   0.00   0.00   0.00   0.02   0.00   0.00   0.05   0.02   0.00   0.00 | -1350.00 
x7	|   0.00   0.00   0.00   0.00 500.00 388.89   1.00   0.00   0.00   0.00   0.00   0.00  -0.78   0.00   1.00   0.33   0.22   0.00   0.00 | 4000.00 
x8	|   0.00   0.00   0.00   0.00 500.00 611.11   0.00   1.00   0.00   0.00   0.00   0.00  -0.22   0.00   0.00  -0.33   0.78   0.00   0.00 | 6000.00 
x9	|   0.00   0.00   0.00   0.00 500.00 333.33   0.00   0.00   1.00   0.00   0.00   0.00   0.33   0.00  -0.00  -0.00   1.33   0.00   0.00 | 4500.00 
x10	|   0.00   0.00   0.00   0.00   0.00  -0.00   0.00   0.00   0.00   1.00   0.00   0.00   0.00   0.00   0.00   0.00   1.00   0.00   0.00 | 4000.00 
x11	|   0.00   0.00   0.00   0.00   0.00 -333.33   0.00   0.00   0.00   0.00   1.00   0.00  -0.33   0.00   0.00  -0.00   0.67   0.00   0.00 | 2000.00 
x12	|   0.00   0.00   0.00   0.00  -0.00 -166.67   0.00   0.00   0.00   0.00   0.00   1.00  -0.67   0.00  -0.00  -0.00   0.33   0.00   0.00 | 500.00 
x1	|   1.00   0.00   0.00   0.00  -1.00  -0.78   0.00   0.00   0.00   0.00   0.00   0.00   0.00   0.00  -0.00  -0.00  -0.00   0.00   0.00 |   2.00 
x14	|   0.00   0.00   0.00   0.00   0.00 166.67   0.00   0.00   0.00   0.00   0.00   0.00  -1.33   1.00  -0.00  -0.00  -0.33   0.00   0.00 |   0.00 
x2	|   0.00   1.00   0.00   0.00   1.00   0.33   0.00   0.00   0.00   0.00   0.00   0.00  -0.00   0.00   0.00   0.00  -0.00   0.00   0.00 |   2.00 
x4	|  -0.00  -0.00  -0.00   1.00   1.00   0.11   0.00   0.00   0.00   0.00   0.00   0.00   0.00   0.00  -0.00   0.00   0.00   0.00   0.00 |  -0.00 
x3	|   0.00   0.00   1.00   0.00   0.00   1.00   0.00   0.00   0.00   0.00   0.00   0.00   0.00   0.00  -0.00  -0.00   0.00   0.00   0.00 |   5.00 
x18	|   0.00   0.00   0.00   0.00   0.00  -0.00   0.00   0.00   0.00   0.00   0.00   0.00   1.00   0.00  -0.00   0.00   0.00   1.00   0.00 | 4000.00 
x19	|   0.00   0.00   0.00   0.00   0.00   0.33   0.00   0.00   0.00   0.00   0.00   0.00  -0.00   0.00   0.00   0.00  -0.00   0.00   1.00 |   2.00 

z	|   0.00   0.00   0.00   0.00   0.00 -12.22   0.00   0.00   0.00   0.00   0.00   0.00   0.02   0.00   0.00   0.05   0.02   0.00   0.00 | -1350.00 
x7	|   0.00   0.00   0.00   0.00 500.00 388.89   1.00   0.00   0.00   0.00   0.00   0.00  -0.78   0.00   1.00   0.33   0.22   0.00   0.00 | 4000.00 
x8	|   0.00   0.00   0.00   0.00 500.00 611.11   0.00   1.00   0.00   0.00   0.00   0.00  -0.22   0.00   0.00  -0.33   0.78   0.00   0.00 | 6000.00 
x9	|   0.00   0.00   0.00   0.00 500.00 333.33   0.00   0.00   1.00   0.00   0.00   0.00   0.33   0.00  -0.00  -0.00   1.33   0.00   0.00 | 4500.00 
x10	|   0.00   0.00   0.00   0.00   0.00  -0.00   0.00   0.00   0.00   1.00   0.00   0.00   0.00   0.00   0.00   0.00   1.00   0.00   0.00 | 4000.00 
x11	|   0.00   0.00   0.00   0.00   0.00 -333.33   0.00   0.00   0.00   0.00   1.00   0.00  -0.33   0.00   0.00  -0.00   0.67   0.00   0.00 | 2000.00 
x12	|   0.00   0.00   0.00   0.00  -0.00 -166.67   0.00   0.00   0.00   0.00   0.00   1.00  -0.67   0.00  -0.00  -0.00   0.33   0.00   0.00 | 500.00 
x1	|   1.00   0.00   0.00   0.00  -1.00  -0.78   0.00   0.00   0.00   0.00   0.00   0.00   0.00   0.00  -0.00  -0.00  -0.00   0.00   0.00 |   2.00 
x14	|   0.00   0.00   0.00   0.00   0.00 166.67   0.00   0.00   0.00   0.00   0.00   0.00  -1.33   1.00  -0.00  -0.00  -0.33   0.00   0.00 |   0.00 
x2	|   0.00   1.00   0.00   0.00   1.00   0.33   0.00   0.00   0.00   0.00   0.00   0.00  -0.00   0.00   0.00   0.00  -0.00   0.00   0.00 |   2.00 
x4	|  -0.00  -0.00  -0.00   1.00   1.00   0.11   0.00   0.00   0.00   0.00   0.00   0.00   0.00   0.00  -0.00   0.00   0.00   0.00   0.00 |  -0.00 
x3	|   0.00   0.00   1.00   0.00   0.00   1.00   0.00   0.00   0.00   0.00   0.00   0.00   0.00   0.00  -0.00  -0.00   0.00   0.00   0.00 |   5.00 
x18	|   0.00   0.00   0.00   0.00   0.00  -0.00   0.00   0.00   0.00   0.00   0.00   0.00   1.00   0.00  -0.00   0.00   0.00   1.00   0.00 | 4000.00 
x19	|   0.00   0.00   0.00   0.00   0.00   0.33   0.00   0.00   0.00   0.00   0.00   0.00  -0.00   0.00   0.00   0.00  -0.00   0.00   1.00 |   2.00 

z	|   0.00   0.00   0.00 110.00 110.00   0.00   0.00   0.00   0.00   0.00   0.00   0.00   0.22   0.00   0.00   0.12   0.22   0.00   0.00 | -1350.00 
x7	|   0.00   0.00   0.00 -3500.00 -3000.00   0.00   1.00   0.00   0.00   0.00   0.00   0.00  -7.00   0.00   1.00  -2.00  -6.00   0.00   0.00 | 4000.00 
x8	|   0.00   0.00   0.00 -5500.00 -5000.00   0.00   0.00   1.00   0.00   0.00   0.00   0.00 -10.00   0.00   0.00  -4.00  -9.00   0.00   0.00 | 6000.00 
x9	|   0.00   0.00   0.00 -3000.00 -2500.00   0.00   0.00   0.00   1.00   0.00   0.00   0.00  -5.00   0.00  -0.00  -2.00  -4.00   0.00   0.00 | 4500.00 
x10	|   0.00   0.00   0.00   0.00   0.00   0.00   0.00   0.00   0.00   1.00   0.00   0.00   0.00   0.00   0.00   0.00   1.00   0.00   0.00 | 4000.00 
x11	|   0.00   0.00   0.00 3000.00 3000.00   0.00   0.00   0.00   0.00   0.00   1.00   0.00   5.00   0.00   0.00   2.00   6.00   0.00   0.00 | 2000.00 
x12	|   0.00   0.00   0.00 1500.00 1500.00   0.00   0.00   0.00   0.00   0.00   0.00   1.00   2.00   0.00  -0.00   1.00   3.00   0.00   0.00 | 500.00 
x1	|   1.00   0.00   0.00   7.00   6.00   0.00   0.00   0.00   0.00   0.00   0.00   0.00   0.01   0.00  -0.00   0.00   0.01   0.00   0.00 |   2.00 
x14	|   0.00   0.00   0.00 -1500.00 -1500.00   0.00   0.00   0.00   0.00   0.00   0.00   0.00  -4.00   1.00  -0.00  -1.00  -3.00   0.00   0.00 |   0.00 
x2	|   0.00   1.00   0.00  -3.00  -2.00   0.00   0.00   0.00   0.00   0.00   0.00   0.00  -0.01   0.00   0.00  -0.00  -0.01   0.00   0.00 |   2.00 
x6	|  -0.00  -0.00  -0.00   9.00   9.00   1.00   0.00   0.00   0.00   0.00   0.00   0.00   0.02   0.00  -0.00   0.01   0.02   0.00   0.00 |  -0.00 
x3	|   0.00   0.00   1.00  -9.00  -9.00   0.00   0.00   0.00   0.00   0.00   0.00   0.00  -0.02   0.00  -0.00  -0.01  -0.02   0.00   0.00 |   5.00 
x18	|   0.00   0.00   0.00   0.00   0.00   0.00   0.00   0.00   0.00   0.00   0.00   0.00   1.00   0.00  -0.00   0.00   0.00   1.00   0.00 | 4000.00 
x19	|   0.00   0.00   0.00  -3.00  -3.00   0.00   0.00   0.00   0.00   0.00   0.00   0.00  -0.01   0.00   0.00  -0.00  -0.01   0.00   1.00 |   2.00 

solution found
