input m n: input A[m][n]: input b[m]: input c[n]: 
constructing helper LP...

z	|   1.00   0.00   0.00   0.00   0.00   0.00   0.00   0.00   0.00   0.00   0.00   0.00   0.00   0.00   0.00   0.00   0.00   0.00   0.00   0.00   0.00   0.00   0.00   0.00   0.00   0.00   0.00   0.00   0.00   0.00   0.00   0.00   0.00 |   0.00 
x21	|  -1.00   1.00   0.00   0.00   0.00   0.00   0.00   0.00   0.00   0.00   0.00   0.00   0.00   0.00   0.00   0.00   1.00   0.00   0.00   0.00   0.00   1.00   0.00   0.00   0.00   0.00   0.00   0.00   0.00   0.00   0.00   0.00   0.00 | 100000.00 
x22	|  -1.00   0.00   1.00   0.00   0.00   0.00   0.00   0.00   0.00   0.00   0.00   0.00   1.00   0.00   0.00   0.00  -1.06   1.00   0.00   0.00   0.00   0.00   1.00   0.00   0.00   0.00   0.00   0.00   0.00   0.00   0.00   0.00   0.00 |   0.00 
x23	|  -1.00  -1.15   0.00   1.00   0.00   0.00   0.00   0.00   1.00   0.00   0.00   0.00   0.00   0.00   0.00   0.00   0.00  -1.06   1.00   0.00   0.00   0.00   0.00   1.00   0.00   0.00   0.00   0.00   0.00   0.00   0.00   0.00   0.00 |   0.00 
x24	|  -1.00   0.00  -1.15   0.00   1.00   0.00   0.00   0.00   0.00   0.00   0.00   0.00   0.00   0.00   0.00   0.00   0.00   0.00  -1.06   1.00   0.00   0.00   0.00   0.00   1.00   0.00   0.00   0.00   0.00   0.00   0.00   0.00   0.00 |   0.00 
x25	|  -1.00   0.00   0.00  -1.15   0.00   0.00   0.00   0.00   0.00   0.00   0.00   0.00   0.00   0.00   0.00   0.00   0.00   0.00   0.00  -1.06   1.00   0.00   0.00   0.00   0.00   1.00   0.00   0.00   0.00   0.00   0.00   0.00   0.00 |   0.00 
x26	|  -1.00  -1.00   0.00   0.00   0.00   0.00   0.00   0.00   0.00   0.00   0.00   0.00   0.00   0.00   0.00   0.00  -1.00   0.00   0.00   0.00   0.00   0.00   0.00   0.00   0.00   0.00   1.00   0.00   0.00   0.00   0.00   0.00   0.00 | -100000.00 
x27	|  -1.00   0.00  -1.00   0.00   0.00   0.00   0.00   0.00   0.00   0.00   0.00   0.00  -1.00   0.00   0.00   0.00   1.06  -1.00   0.00   0.00   0.00   0.00   0.00   0.00   0.00   0.00   0.00   1.00   0.00   0.00   0.00   0.00   0.00 |   0.00 
x28	|  -1.00   1.15   0.00  -1.00   0.00   0.00   0.00   0.00  -1.00   0.00   0.00   0.00   0.00   0.00   0.00   0.00   0.00   1.06  -1.00   0.00   0.00   0.00   0.00   0.00   0.00   0.00   0.00   0.00   1.00   0.00   0.00   0.00   0.00 |   0.00 
x29	|  -1.00   0.00   1.15   0.00  -1.00   0.00   0.00   0.00   0.00   0.00   0.00   0.00   0.00   0.00   0.00   0.00   0.00   0.00   1.06  -1.00   0.00   0.00   0.00   0.00   0.00   0.00   0.00   0.00   0.00   1.00   0.00   0.00   0.00 |   0.00 
x30	|  -1.00   0.00   0.00   1.15   0.00   0.00   0.00   0.00   0.00   0.00   0.00   0.00   0.00   0.00   0.00   0.00   0.00   0.00   0.00   1.06  -1.00   0.00   0.00   0.00   0.00   0.00   0.00   0.00   0.00   0.00   1.00   0.00   0.00 |   0.00 
x31	|  -1.00   0.00   0.00   0.00   0.00   0.00   0.00   0.00   0.00   0.00   0.00   0.00   1.00   0.00   0.00   0.00   0.00   0.00   0.00   0.00   0.00   0.00   0.00   0.00   0.00   0.00   0.00   0.00   0.00   0.00   0.00   1.00   0.00 | 30000.00 
x32	|  -1.00   0.00   0.00   0.00   0.00   0.00   0.00   0.00   1.00   0.00   0.00   0.00   0.00   0.00   0.00   0.00   0.00   0.00   0.00   0.00   0.00   0.00   0.00   0.00   0.00   0.00   0.00   0.00   0.00   0.00   0.00   0.00   1.00 | 40000.00 

z	|   0.00  -1.00   0.00   0.00   0.00   0.00   0.00   0.00   0.00   0.00   0.00   0.00   0.00   0.00   0.00   0.00  -1.00   0.00   0.00   0.00   0.00   0.00   0.00   0.00   0.00   0.00   1.00   0.00   0.00   0.00   0.00   0.00   0.00 | -100000.00 
x21	|   0.00   2.00   0.00   0.00   0.00   0.00   0.00   0.00   0.00   0.00   0.00   0.00   0.00   0.00   0.00   0.00   2.00   0.00   0.00   0.00   0.00   1.00   0.00   0.00   0.00   0.00  -1.00   0.00   0.00   0.00   0.00   0.00   0.00 | 200000.00 
x22	|   0.00   1.00   1.00   0.00   0.00   0.00   0.00   0.00   0.00   0.00   0.00   0.00   1.00   0.00   0.00   0.00  -0.06   1.00   0.00   0.00   0.00   0.00   1.00   0.00   0.00   0.00  -1.00   0.00   0.00   0.00   0.00   0.00   0.00 | 100000.00 
x23	|   0.00  -0.15   0.00   1.00   0.00   0.00   0.00   0.00   1.00   0.00   0.00   0.00   0.00   0.00   0.00   0.00   1.00  -1.06   1.00   0.00   0.00   0.00   0.00   1.00   0.00   0.00  -1.00   0.00   0.00   0.00   0.00   0.00   0.00 | 100000.00 
x24	|   0.00   1.00  -1.15   0.00   1.00   0.00   0.00   0.00   0.00   0.00   0.00   0.00   0.00   0.00   0.00   0.00   1.00   0.00  -1.06   1.00   0.00   0.00   0.00   0.00   1.00   0.00  -1.00   0.00   0.00   0.00   0.00   0.00   0.00 | 100000.00 
x25	|   0.00   1.00   0.00  -1.15   0.00   0.00   0.00   0.00   0.00   0.00   0.00   0.00   0.00   0.00   0.00   0.00   1.00   0.00   0.00  -1.06   1.00   0.00   0.00   0.00   0.00   1.00  -1.00   0.00   0.00   0.00   0.00   0.00   0.00 | 100000.00 
x0	|   1.00   1.00  -0.00  -0.00  -0.00  -0.00  -0.00  -0.00  -0.00  -0.00  -0.00  -0.00  -0.00  -0.00  -0.00  -0.00   1.00  -0.00  -0.00  -0.00  -0.00  -0.00  -0.00  -0.00  -0.00  -0.00  -1.00  -0.00  -0.00  -0.00  -0.00  -0.00  -0.00 | 100000.00 
x27	|   0.00   1.00  -1.00   0.00   0.00   0.00   0.00   0.00   0.00   0.00   0.00   0.00  -1.00   0.00   0.00   0.00   2.06  -1.00   0.00   0.00   0.00   0.00   0.00   0.00   0.00   0.00  -1.00   1.00   0.00   0.00   0.00   0.00   0.00 | 100000.00 
x28	|   0.00   2.15   0.00  -1.00   0.00   0.00   0.00   0.00  -1.00   0.00   0.00   0.00   0.00   0.00   0.00   0.00   1.00   1.06  -1.00   0.00   0.00   0.00   0.00   0.00   0.00   0.00  -1.00   0.00   1.00   0.00   0.00   0.00   0.00 | 100000.00 
x29	|   0.00   1.00   1.15   0.00  -1.00   0.00   0.00   0.00   0.00   0.00   0.00   0.00   0.00   0.00   0.00   0.00   1.00   0.00   1.06  -1.00   0.00   0.00   0.00   0.00   0.00   0.00  -1.00   0.00   0.00   1.00   0.00   0.00   0.00 | 100000.00 
x30	|   0.00   1.00   0.00   1.15   0.00   0.00   0.00   0.00   0.00   0.00   0.00   0.00   0.00   0.00   0.00   0.00   1.00   0.00   0.00   1.06  -1.00   0.00   0.00   0.00   0.00   0.00  -1.00   0.00   0.00   0.00   1.00   0.00   0.00 | 100000.00 
x31	|   0.00   1.00   0.00   0.00   0.00   0.00   0.00   0.00   0.00   0.00   0.00   0.00   1.00   0.00   0.00   0.00   1.00   0.00   0.00   0.00   0.00   0.00   0.00   0.00   0.00   0.00  -1.00   0.00   0.00   0.00   0.00   1.00   0.00 | 130000.00 
x32	|   0.00   1.00   0.00   0.00   0.00   0.00   0.00   0.00   1.00   0.00   0.00   0.00   0.00   0.00   0.00   0.00   1.00   0.00   0.00   0.00   0.00   0.00   0.00   0.00   0.00   0.00  -1.00   0.00   0.00   0.00   0.00   0.00   1.00 | 140000.00 

z	|   0.00   0.00   0.00  -0.47   0.00   0.00   0.00   0.00  -0.47   0.00   0.00   0.00   0.00   0.00   0.00   0.00  -0.53   0.49  -0.47   0.00   0.00   0.00   0.00   0.00   0.00   0.00   0.53   0.00   0.47   0.00   0.00   0.00   0.00 | -53488.37 
x21	|   0.00   0.00   0.00   0.93   0.00   0.00   0.00   0.00   0.93   0.00   0.00   0.00   0.00   0.00   0.00   0.00   1.07  -0.99   0.93   0.00   0.00   1.00   0.00   0.00   0.00   0.00  -0.07   0.00  -0.93   0.00   0.00   0.00   0.00 | 106976.74 
x22	|   0.00   0.00   1.00   0.47   0.00   0.00   0.00   0.00   0.47   0.00   0.00   0.00   1.00   0.00   0.00   0.00  -0.53   0.51   0.47   0.00   0.00   0.00   1.00   0.00   0.00   0.00  -0.53   0.00  -0.47   0.00   0.00   0.00   0.00 | 53488.37 
x23	|   0.00   0.00   0.00   0.93   0.00   0.00   0.00   0.00   0.93   0.00   0.00   0.00   0.00   0.00   0.00   0.00   1.07  -0.99   0.93   0.00   0.00   0.00   0.00   1.00   0.00   0.00  -1.07   0.00   0.07   0.00   0.00   0.00   0.00 | 106976.74 
x24	|   0.00   0.00  -1.15   0.47   1.00   0.00   0.00   0.00   0.47   0.00   0.00   0.00   0.00   0.00   0.00   0.00   0.53  -0.49  -0.59   1.00   0.00   0.00   0.00   0.00   1.00   0.00  -0.53   0.00  -0.47   0.00   0.00   0.00   0.00 | 53488.37 
x25	|   0.00   0.00   0.00  -0.68   0.00   0.00   0.00   0.00   0.47   0.00   0.00   0.00   0.00   0.00   0.00   0.00   0.53  -0.49   0.47  -1.06   1.00   0.00   0.00   0.00   0.00   1.00  -0.53   0.00  -0.47   0.00   0.00   0.00   0.00 | 53488.37 
x0	|   1.00   0.00  -0.00   0.47  -0.00  -0.00  -0.00  -0.00   0.47  -0.00  -0.00  -0.00  -0.00  -0.00  -0.00  -0.00   0.53  -0.49   0.47  -0.00  -0.00  -0.00  -0.00  -0.00  -0.00  -0.00  -0.53  -0.00  -0.47  -0.00  -0.00  -0.00  -0.00 | 53488.37 
x27	|   0.00   0.00  -1.00   0.47   0.00   0.00   0.00   0.00   0.47   0.00   0.00   0.00  -1.00   0.00   0.00   0.00   1.59  -1.49   0.47   0.00   0.00   0.00   0.00   0.00   0.00   0.00  -0.53   1.00  -0.47   0.00   0.00   0.00   0.00 | 53488.37 
x1	|   0.00   1.00   0.00  -0.47   0.00   0.00   0.00   0.00  -0.47   0.00   0.00   0.00   0.00   0.00   0.00   0.00   0.47   0.49  -0.47   0.00   0.00   0.00   0.00   0.00   0.00   0.00  -0.47   0.00   0.47   0.00   0.00   0.00   0.00 | 46511.63 
x29	|   0.00   0.00   1.15   0.47  -1.00   0.00   0.00   0.00   0.47   0.00   0.00   0.00   0.00   0.00   0.00   0.00   0.53  -0.49   1.53  -1.00   0.00   0.00   0.00   0.00   0.00   0.00  -0.53   0.00  -0.47   1.00   0.00   0.00   0.00 | 53488.37 
x30	|   0.00   0.00   0.00   1.62   0.00   0.00   0.00   0.00   0.47   0.00   0.00   0.00   0.00   0.00   0.00   0.00   0.53  -0.49   0.47   1.06  -1.00   0.00   0.00   0.00   0.00   0.00  -0.53   0.00  -0.47   0.00   1.00   0.00   0.00 | 53488.37 
x31	|   0.00   0.00   0.00   0.47   0.00   0.00   0.00   0.00   0.47   0.00   0.00   0.00   1.00   0.00   0.00   0.00   0.53  -0.49   0.47   0.00   0.00   0.00   0.00   0.00   0.00   0.00  -0.53   0.00  -0.47   0.00   0.00   1.00   0.00 | 83488.37 
x32	|   0.00   0.00   0.00   0.47   0.00   0.00   0.00   0.00   1.47   0.00   0.00   0.00   0.00   0.00   0.00   0.00   0.53  -0.49   0.47   0.00   0.00   0.00   0.00   0.00   0.00   0.00  -0.53   0.00  -0.47   0.00   0.00   0.00   1.00 | 93488.37 

z	|   0.00   0.00   0.00   0.00   0.00   0.00   0.00   0.00  -0.33   0.00   0.00   0.00   0.00   0.00   0.00   0.00  -0.38   0.35  -0.33   0.31  -0.29   0.00   0.00   0.00   0.00   0.00   0.38   0.00   0.33   0.00   0.29   0.00   0.00 | -38084.95 
x21	|   0.00   0.00   0.00   0.00   0.00   0.00   0.00   0.00   0.66   0.00   0.00   0.00   0.00   0.00   0.00   0.00   0.76  -0.70   0.66  -0.61   0.58   1.00   0.00   0.00   0.00   0.00   0.24   0.00  -0.66   0.00  -0.58   0.00   0.00 | 76169.91 
x22	|   0.00   0.00   1.00   0.00   0.00   0.00   0.00   0.00   0.33   0.00   0.00   0.00   1.00   0.00   0.00   0.00  -0.68   0.65   0.33  -0.31   0.29   0.00   1.00   0.00   0.00   0.00  -0.38   0.00  -0.33   0.00  -0.29   0.00   0.00 | 38084.95 
x23	|   0.00   0.00   0.00   0.00   0.00   0.00   0.00   0.00   0.66   0.00   0.00   0.00   0.00   0.00   0.00   0.00   0.76  -0.70   0.66  -0.61   0.58   0.00   0.00   1.00   0.00   0.00  -0.76   0.00   0.34   0.00  -0.58   0.00   0.00 | 76169.91 
x24	|   0.00   0.00  -1.15   0.00   1.00   0.00   0.00   0.00   0.33   0.00   0.00   0.00   0.00   0.00   0.00   0.00   0.38  -0.35  -0.73   0.69   0.29   0.00   0.00   0.00   1.00   0.00  -0.38   0.00  -0.33   0.00  -0.29   0.00   0.00 | 38084.95 
x25	|   0.00   0.00   0.00   0.00   0.00   0.00   0.00   0.00   0.66   0.00   0.00   0.00   0.00   0.00   0.00   0.00   0.76  -0.70   0.66  -0.61   0.58   0.00   0.00   0.00   0.00   1.00  -0.76   0.00  -0.66   0.00   0.42   0.00   0.00 | 76169.91 
x0	|   1.00   0.00  -0.00   0.00  -0.00  -0.00  -0.00  -0.00   0.33  -0.00  -0.00  -0.00  -0.00  -0.00  -0.00  -0.00   0.38  -0.35   0.33  -0.31   0.29  -0.00  -0.00  -0.00  -0.00  -0.00  -0.38  -0.00  -0.33  -0.00  -0.29  -0.00  -0.00 | 38084.95 
x27	|   0.00   0.00  -1.00   0.00   0.00   0.00   0.00   0.00   0.33   0.00   0.00   0.00  -1.00   0.00   0.00   0.00   1.44  -1.35   0.33  -0.31   0.29   0.00   0.00   0.00   0.00   0.00  -0.38   1.00  -0.33   0.00  -0.29   0.00   0.00 | 38084.95 
x1	|   0.00   1.00   0.00   0.00   0.00   0.00   0.00   0.00  -0.33   0.00   0.00   0.00   0.00   0.00   0.00   0.00   0.62   0.35  -0.33   0.31  -0.29   0.00   0.00   0.00   0.00   0.00  -0.62   0.00   0.33   0.00   0.29   0.00   0.00 | 61915.05 
x29	|   0.00   0.00   1.15   0.00  -1.00   0.00   0.00   0.00   0.33   0.00   0.00   0.00   0.00   0.00   0.00   0.00   0.38  -0.35   1.39  -1.31   0.29   0.00   0.00   0.00   0.00   0.00  -0.38   0.00  -0.33   1.00  -0.29   0.00   0.00 | 38084.95 
x3	|   0.00   0.00   0.00   1.00   0.00   0.00   0.00   0.00   0.29   0.00   0.00   0.00   0.00   0.00   0.00   0.00   0.33  -0.31   0.29   0.66  -0.62   0.00   0.00   0.00   0.00   0.00  -0.33   0.00  -0.29   0.00   0.62   0.00   0.00 | 33117.35 
x31	|   0.00   0.00   0.00   0.00   0.00   0.00   0.00   0.00   0.33   0.00   0.00   0.00   1.00   0.00   0.00   0.00   0.38  -0.35   0.33  -0.31   0.29   0.00   0.00   0.00   0.00   0.00  -0.38   0.00  -0.33   0.00  -0.29   1.00   0.00 | 68084.95 
x32	|   0.00   0.00   0.00   0.00   0.00   0.00   0.00   0.00   1.33   0.00   0.00   0.00   0.00   0.00   0.00   0.00   0.38  -0.35   0.33  -0.31   0.29   0.00   0.00   0.00   0.00   0.00  -0.38   0.00  -0.33   0.00  -0.29   0.00   1.00 | 78084.95 

z	|   0.00   0.00   0.00   0.00   0.00   0.00   0.00   0.00   0.00   0.00   0.00   0.00   0.00   0.00   0.00   0.00  -0.29   0.26  -0.25   0.23  -0.22   0.00   0.00   0.00   0.00   0.00   0.29   0.00   0.25   0.00   0.22   0.00   0.25 | -18658.73 
x21	|   0.00   0.00   0.00   0.00   0.00   0.00   0.00   0.00   0.00   0.00   0.00   0.00   0.00   0.00   0.00   0.00   0.57  -0.53   0.50  -0.46   0.43   1.00   0.00   0.00   0.00   0.00   0.43   0.00  -0.50   0.00  -0.43   0.00  -0.50 | 37317.47 
x22	|   0.00   0.00   1.00   0.00   0.00   0.00   0.00   0.00   0.00   0.00   0.00   0.00   1.00   0.00   0.00   0.00  -0.77   0.74   0.25  -0.23   0.22   0.00   1.00   0.00   0.00   0.00  -0.29   0.00  -0.25   0.00  -0.22   0.00  -0.25 | 18658.73 
x23	|   0.00   0.00   0.00   0.00   0.00   0.00   0.00   0.00   0.00   0.00   0.00   0.00   0.00   0.00   0.00   0.00   0.57  -0.53   0.50  -0.46   0.43   0.00   0.00   1.00   0.00   0.00  -0.57   0.00   0.50   0.00  -0.43   0.00  -0.50 | 37317.47 
x24	|   0.00   0.00  -1.15   0.00   1.00   0.00   0.00   0.00   0.00   0.00   0.00   0.00   0.00   0.00   0.00   0.00   0.29  -0.26  -0.81   0.77   0.22   0.00   0.00   0.00   1.00   0.00  -0.29   0.00  -0.25   0.00  -0.22   0.00  -0.25 | 18658.73 
x25	|   0.00   0.00   0.00   0.00   0.00   0.00   0.00   0.00   0.00   0.00   0.00   0.00   0.00   0.00   0.00   0.00   0.57  -0.53   0.50  -0.46   0.43   0.00   0.00   0.00   0.00   1.00  -0.57   0.00  -0.50   0.00   0.57   0.00  -0.50 | 37317.47 
x0	|   1.00   0.00  -0.00   0.00  -0.00  -0.00  -0.00  -0.00   0.00  -0.00  -0.00  -0.00  -0.00  -0.00  -0.00  -0.00   0.29  -0.26   0.25  -0.23   0.22  -0.00  -0.00  -0.00  -0.00  -0.00  -0.29  -0.00  -0.25  -0.00  -0.22  -0.00  -0.25 | 18658.73 
x27	|   0.00   0.00  -1.00   0.00   0.00   0.00   0.00   0.00   0.00   0.00   0.00   0.00  -1.00   0.00   0.00   0.00   1.35  -1.26   0.25  -0.23   0.22   0.00   0.00   0.00   0.00   0.00  -0.29   1.00  -0.25   0.00  -0.22   0.00  -0.25 | 18658.73 
x1	|   0.00   1.00   0.00   0.00   0.00   0.00   0.00   0.00   0.00   0.00   0.00   0.00   0.00   0.00   0.00   0.00   0.71   0.26  -0.25   0.23  -0.22   0.00   0.00   0.00   0.00   0.00  -0.71   0.00   0.25   0.00   0.22   0.00   0.25 | 81341.27 
x29	|   0.00   0.00   1.15   0.00  -1.00   0.00   0.00   0.00   0.00   0.00   0.00   0.00   0.00   0.00   0.00   0.00   0.29  -0.26   1.31  -1.23   0.22   0.00   0.00   0.00   0.00   0.00  -0.29   0.00  -0.25   1.00  -0.22   0.00  -0.25 | 18658.73 
x3	|   0.00   0.00   0.00   1.00   0.00   0.00   0.00   0.00   0.00   0.00   0.00   0.00   0.00   0.00   0.00   0.00   0.25  -0.23   0.22   0.72  -0.68   0.00   0.00   0.00   0.00   0.00  -0.25   0.00  -0.22   0.00   0.68   0.00  -0.22 | 16224.99 
x31	|   0.00   0.00   0.00   0.00   0.00   0.00   0.00   0.00   0.00   0.00   0.00   0.00   1.00   0.00   0.00   0.00   0.29  -0.26   0.25  -0.23   0.22   0.00   0.00   0.00   0.00   0.00  -0.29   0.00  -0.25   0.00  -0.22   1.00  -0.25 | 48658.73 
x8	|   0.00   0.00   0.00   0.00   0.00   0.00   0.00   0.00   1.00   0.00   0.00   0.00   0.00   0.00   0.00   0.00   0.29  -0.26   0.25  -0.23   0.22   0.00   0.00   0.00   0.00   0.00  -0.29   0.00  -0.25   0.00  -0.22   0.00   0.75 | 58658.73 

z	|   0.00   0.00  -0.21   0.00   0.00   0.00   0.00   0.00   0.00   0.00   0.00   0.00  -0.21   0.00   0.00   0.00   0.00  -0.00  -0.20   0.18  -0.17   0.00   0.00   0.00   0.00   0.00   0.23   0.21   0.20   0.00   0.17   0.00   0.20 | -14693.00 
x21	|   0.00   0.00   0.43   0.00   0.00   0.00   0.00   0.00   0.00   0.00   0.00   0.00   0.43   0.00   0.00   0.00   0.00   0.01   0.39  -0.36   0.34   1.00   0.00   0.00   0.00   0.00   0.55  -0.43  -0.39   0.00  -0.34   0.00  -0.39 | 29386.00 
x22	|   0.00   0.00   0.43   0.00   0.00   0.00   0.00   0.00   0.00   0.00   0.00   0.00   0.43   0.00   0.00   0.00   0.00   0.01   0.39  -0.36   0.34   0.00   1.00   0.00   0.00   0.00  -0.45   0.57  -0.39   0.00  -0.34   0.00  -0.39 | 29386.00 
x23	|   0.00   0.00   0.43   0.00   0.00   0.00   0.00   0.00   0.00   0.00   0.00   0.00   0.43   0.00   0.00   0.00   0.00   0.01   0.39  -0.36   0.34   0.00   0.00   1.00   0.00   0.00  -0.45  -0.43   0.61   0.00  -0.34   0.00  -0.39 | 29386.00 
x24	|   0.00   0.00  -0.94   0.00   1.00   0.00   0.00   0.00   0.00   0.00   0.00   0.00   0.21   0.00   0.00   0.00   0.00   0.00  -0.86   0.82   0.17   0.00   0.00   0.00   1.00   0.00  -0.23  -0.21  -0.20   0.00  -0.17   0.00  -0.20 | 14693.00 
x25	|   0.00   0.00   0.43   0.00   0.00   0.00   0.00   0.00   0.00   0.00   0.00   0.00   0.43   0.00   0.00   0.00   0.00   0.01   0.39  -0.36   0.34   0.00   0.00   0.00   0.00   1.00  -0.45  -0.43  -0.39   0.00   0.66   0.00  -0.39 | 29386.00 
x0	|   1.00   0.00   0.21   0.00  -0.00  -0.00  -0.00  -0.00   0.00  -0.00  -0.00  -0.00   0.21  -0.00  -0.00  -0.00   0.00   0.00   0.20  -0.18   0.17  -0.00  -0.00  -0.00  -0.00  -0.00  -0.23  -0.21  -0.20  -0.00  -0.17  -0.00  -0.20 | 14693.00 
x16	|   0.00   0.00  -0.74   0.00   0.00   0.00   0.00   0.00   0.00   0.00   0.00   0.00  -0.74   0.00   0.00   0.00   1.00  -0.94   0.18  -0.17   0.16   0.00   0.00   0.00   0.00   0.00  -0.21   0.74  -0.18   0.00  -0.16   0.00  -0.18 | 13861.32 
x1	|   0.00   1.00   0.53   0.00   0.00   0.00   0.00   0.00   0.00   0.00   0.00   0.00   0.53   0.00   0.00   0.00   0.00   0.93  -0.38   0.35  -0.33   0.00   0.00   0.00   0.00   0.00  -0.56  -0.53   0.38   0.00   0.33   0.00   0.38 | 71445.68 
x29	|   0.00   0.00   1.36   0.00  -1.00   0.00   0.00   0.00   0.00   0.00   0.00   0.00   0.21   0.00   0.00   0.00   0.00   0.00   1.26  -1.18   0.17   0.00   0.00   0.00   0.00   0.00  -0.23  -0.21  -0.20   1.00  -0.17   0.00  -0.20 | 14693.00 
x3	|   0.00   0.00   0.18   1.00   0.00   0.00   0.00   0.00   0.00   0.00   0.00   0.00   0.18   0.00   0.00   0.00   0.00   0.00   0.17   0.76  -0.72   0.00   0.00   0.00   0.00   0.00  -0.20  -0.18  -0.17   0.00   0.72   0.00  -0.17 | 12776.52 
x31	|   0.00   0.00   0.21   0.00   0.00   0.00   0.00   0.00   0.00   0.00   0.00   0.00   1.21   0.00   0.00   0.00   0.00   0.00   0.20  -0.18   0.17   0.00   0.00   0.00   0.00   0.00  -0.23  -0.21  -0.20   0.00  -0.17   1.00  -0.20 | 44693.00 
x8	|   0.00   0.00   0.21   0.00   0.00   0.00   0.00   0.00   1.00   0.00   0.00   0.00   0.21   0.00   0.00   0.00   0.00   0.00   0.20  -0.18   0.17   0.00   0.00   0.00   0.00   0.00  -0.23  -0.21  -0.20   0.00  -0.17   0.00   0.80 | 54693.00 

z	|   0.00   0.00   0.00   0.00  -0.16   0.00   0.00   0.00   0.00   0.00   0.00   0.00  -0.18   0.00   0.00   0.00   0.00  -0.00   0.00  -0.00  -0.14   0.00   0.00   0.00   0.00   0.00   0.19   0.18   0.17   0.16   0.14   0.00   0.17 | -12401.07 
x21	|   0.00   0.00   0.00   0.00   0.31   0.00   0.00   0.00   0.00   0.00   0.00   0.00   0.36   0.00   0.00   0.00   0.00   0.01  -0.00   0.01   0.29   1.00   0.00   0.00   0.00   0.00   0.62  -0.36  -0.33  -0.31  -0.29   0.00  -0.33 | 24802.13 
x22	|   0.00   0.00   0.00   0.00   0.31   0.00   0.00   0.00   0.00   0.00   0.00   0.00   0.36   0.00   0.00   0.00   0.00   0.01   0.00   0.01   0.29   0.00   1.00   0.00   0.00   0.00  -0.38   0.64  -0.33  -0.31  -0.29   0.00  -0.33 | 24802.13 
x23	|   0.00   0.00   0.00   0.00   0.31   0.00   0.00   0.00   0.00   0.00   0.00   0.00   0.36   0.00   0.00   0.00   0.00   0.01   0.00   0.01   0.29   0.00   0.00   1.00   0.00   0.00  -0.38  -0.36   0.67  -0.31  -0.29   0.00  -0.33 | 24802.13 
x24	|   0.00   0.00   0.00   0.00   0.31   0.00   0.00   0.00   0.00   0.00   0.00   0.00   0.36   0.00   0.00   0.00   0.00   0.01  -0.00   0.01   0.29   0.00   0.00   0.00   1.00   0.00  -0.38  -0.36  -0.33   0.69  -0.29   0.00  -0.33 | 24802.13 
x25	|   0.00   0.00   0.00   0.00   0.31   0.00   0.00   0.00   0.00   0.00   0.00   0.00   0.36   0.00   0.00   0.00   0.00   0.01   0.00   0.01   0.29   0.00   0.00   0.00   0.00   1.00  -0.38  -0.36  -0.33  -0.31   0.71   0.00  -0.33 | 24802.13 
x0	|   1.00   0.00   0.00   0.00   0.16  -0.00  -0.00  -0.00   0.00  -0.00  -0.00  -0.00   0.18  -0.00  -0.00  -0.00   0.00   0.00  -0.00   0.00   0.14  -0.00  -0.00  -0.00  -0.00  -0.00  -0.19  -0.18  -0.17  -0.16  -0.14  -0.00  -0.17 | 12401.07 
x16	|   0.00   0.00   0.00   0.00  -0.55   0.00   0.00   0.00   0.00   0.00   0.00   0.00  -0.63   0.00   0.00   0.00   1.00  -0.94   0.87  -0.81   0.25   0.00   0.00   0.00   0.00   0.00  -0.34   0.63  -0.29   0.55  -0.25   0.00  -0.29 | 21872.27 
x1	|   0.00   1.00   0.00   0.00   0.39   0.00   0.00   0.00   0.00   0.00   0.00   0.00   0.45   0.00   0.00   0.00   0.00   0.93  -0.87   0.81  -0.40   0.00   0.00   0.00   0.00   0.00  -0.47  -0.45   0.46  -0.39   0.40   0.00   0.46 | 65726.67 
x2	|   0.00   0.00   1.00   0.00  -0.73   0.00   0.00   0.00   0.00   0.00   0.00   0.00   0.16   0.00   0.00   0.00   0.00   0.00   0.92  -0.87   0.13   0.00   0.00   0.00   0.00   0.00  -0.17  -0.16  -0.14   0.73  -0.13   0.00  -0.14 | 10783.54 
x3	|   0.00   0.00   0.00   1.00   0.14   0.00   0.00   0.00   0.00   0.00   0.00   0.00   0.16   0.00   0.00   0.00   0.00   0.00  -0.00   0.92  -0.74   0.00   0.00   0.00   0.00   0.00  -0.17  -0.16  -0.14  -0.14   0.74   0.00  -0.14 | 10783.54 
x31	|   0.00   0.00   0.00   0.00   0.16   0.00   0.00   0.00   0.00   0.00   0.00   0.00   1.18   0.00   0.00   0.00   0.00   0.00  -0.00   0.00   0.14   0.00   0.00   0.00   0.00   0.00  -0.19  -0.18  -0.17  -0.16  -0.14   1.00  -0.17 | 42401.07 
x8	|   0.00   0.00   0.00   0.00   0.16   0.00   0.00   0.00   1.00   0.00   0.00   0.00   0.18   0.00   0.00   0.00   0.00   0.00  -0.00   0.00   0.14   0.00   0.00   0.00   0.00   0.00  -0.19  -0.18  -0.17  -0.16  -0.14   0.00   0.83 | 52401.07 

z	|   0.00   0.00   0.00   1.15   0.00   0.00   0.00   0.00   0.00   0.00   0.00   0.00  -0.00   0.00   0.00   0.00   0.00   0.00   0.00   1.06  -1.00   0.00   0.00   0.00   0.00   0.00   0.00   0.00  -0.00   0.00   1.00   0.00  -0.00 |  -0.00 
x21	|   0.00   0.00   0.00  -2.30   0.00   0.00   0.00   0.00   0.00   0.00   0.00   0.00   0.00   0.00   0.00   0.00   0.00  -0.00  -0.00  -2.12   2.00   1.00   0.00   0.00   0.00   0.00   1.00  -0.00   0.00   0.00  -2.00   0.00   0.00 |   0.00 
x22	|   0.00   0.00   0.00  -2.30   0.00   0.00   0.00   0.00   0.00   0.00   0.00   0.00   0.00   0.00   0.00   0.00   0.00  -0.00   0.00  -2.12   2.00   0.00   1.00   0.00   0.00   0.00  -0.00   1.00  -0.00   0.00  -2.00   0.00  -0.00 |   0.00 
x23	|   0.00   0.00   0.00  -2.30   0.00   0.00   0.00   0.00   0.00   0.00   0.00   0.00   0.00   0.00   0.00   0.00   0.00  -0.00   0.00  -2.12   2.00   0.00   0.00   1.00   0.00   0.00   0.00   0.00   1.00   0.00  -2.00   0.00  -0.00 |   0.00 
x24	|   0.00   0.00   0.00  -2.30   0.00   0.00   0.00   0.00   0.00   0.00   0.00   0.00   0.00   0.00   0.00   0.00   0.00  -0.00  -0.00  -2.12   2.00   0.00   0.00   0.00   1.00   0.00  -0.00  -0.00   0.00   1.00  -2.00   0.00   0.00 |   0.00 
x25	|   0.00   0.00   0.00  -2.30   0.00   0.00   0.00   0.00   0.00   0.00   0.00   0.00   0.00   0.00   0.00   0.00   0.00  -0.00   0.00  -2.12   2.00   0.00   0.00   0.00   0.00   1.00   0.00   0.00   0.00   0.00  -1.00   0.00  -0.00 |   0.00 
x0	|   1.00   0.00   0.00  -1.15   0.00  -0.00  -0.00  -0.00   0.00  -0.00  -0.00  -0.00   0.00  -0.00  -0.00  -0.00   0.00  -0.00  -0.00  -1.06   1.00  -0.00  -0.00  -0.00  -0.00  -0.00  -0.00  -0.00   0.00   0.00  -1.00  -0.00   0.00 |   0.00 
x16	|   0.00   0.00   0.00   4.02   0.00   0.00   0.00   0.00   0.00   0.00   0.00   0.00  -0.00   0.00   0.00   0.00   1.00  -0.92   0.87   2.90  -2.74   0.00   0.00   0.00   0.00   0.00  -1.00   0.00  -0.87   0.00   2.74   0.00  -0.87 | 65217.39 
x1	|   0.00   1.00   0.00  -2.87   0.00   0.00   0.00   0.00   0.00   0.00   0.00   0.00   0.00   0.00   0.00   0.00   0.00   0.92  -0.87  -1.84   1.74   0.00   0.00   0.00   0.00   0.00   0.00   0.00   0.87   0.00  -1.74   0.00   0.87 | 34782.61 
x2	|   0.00   0.00   1.00   5.41   0.00   0.00   0.00   0.00   0.00   0.00   0.00   0.00   1.00   0.00   0.00   0.00   0.00   0.02   0.92   4.14  -3.90   0.00   0.00   0.00   0.00   0.00  -1.06  -1.00  -0.92   0.00   3.90   0.00  -0.92 | 69130.43 
x4	|   0.00   0.00   0.00   7.37   1.00   0.00   0.00   0.00   0.00   0.00   0.00   0.00   1.15   0.00   0.00   0.00   0.00   0.03  -0.00   6.82  -5.49   0.00   0.00   0.00   0.00   0.00  -1.22  -1.15  -1.06  -1.00   5.49   0.00  -1.06 | 79500.00 
x31	|   0.00   0.00   0.00  -1.15   0.00   0.00   0.00   0.00   0.00   0.00   0.00   0.00   1.00   0.00   0.00   0.00   0.00  -0.00  -0.00  -1.06   1.00   0.00   0.00   0.00   0.00   0.00  -0.00  -0.00   0.00   0.00  -1.00   1.00   0.00 | 30000.00 
x8	|   0.00   0.00   0.00  -1.15   0.00   0.00   0.00   0.00   1.00   0.00   0.00   0.00   0.00   0.00   0.00   0.00   0.00  -0.00   0.00  -1.06   1.00   0.00   0.00   0.00   0.00   0.00   0.00   0.00   0.00   0.00  -1.00   0.00   1.00 | 40000.00 

z	|   0.00   0.00   0.00   0.00   0.00   0.00   0.00   0.00   0.00   0.00   0.00   0.00  -0.00   0.00   0.00   0.00   0.00  -0.00   0.00   0.00   0.00   0.00   0.00   0.00   0.00   0.50   0.00   0.00  -0.00   0.00   0.50   0.00  -0.00 |  -0.00 
x21	|   0.00   0.00   0.00   0.00   0.00   0.00   0.00   0.00   0.00   0.00   0.00   0.00   0.00   0.00   0.00   0.00   0.00   0.00  -0.00   0.00   0.00   1.00   0.00   0.00   0.00  -1.00   1.00  -0.00   0.00   0.00  -1.00   0.00   0.00 |   0.00 
x22	|   0.00   0.00   0.00   0.00   0.00   0.00   0.00   0.00   0.00   0.00   0.00   0.00   0.00   0.00   0.00   0.00   0.00  -0.00   0.00  -0.00   0.00   0.00   1.00   0.00   0.00  -1.00  -0.00   1.00  -0.00   0.00  -1.00   0.00  -0.00 |   0.00 
x23	|   0.00   0.00   0.00   0.00   0.00   0.00   0.00   0.00   0.00   0.00   0.00   0.00   0.00   0.00   0.00   0.00   0.00  -0.00   0.00  -0.00   0.00   0.00   0.00   1.00   0.00  -1.00  -0.00   0.00   1.00   0.00  -1.00   0.00  -0.00 |   0.00 
x24	|   0.00   0.00   0.00   0.00   0.00   0.00   0.00   0.00   0.00   0.00   0.00   0.00   0.00   0.00   0.00   0.00   0.00   0.00  -0.00   0.00   0.00   0.00   0.00   0.00   1.00  -1.00  -0.00  -0.00   0.00   1.00  -1.00   0.00   0.00 |   0.00 
x20	|   0.00   0.00   0.00  -1.15   0.00   0.00   0.00   0.00   0.00   0.00   0.00   0.00   0.00   0.00   0.00   0.00   0.00  -0.00   0.00  -1.06   1.00   0.00   0.00   0.00   0.00   0.50   0.00   0.00   0.00   0.00  -0.50   0.00  -0.00 |   0.00 
x0	|   1.00   0.00   0.00   0.00   0.00  -0.00  -0.00  -0.00   0.00  -0.00  -0.00  -0.00   0.00  -0.00  -0.00  -0.00   0.00   0.00  -0.00   0.00   0.00  -0.00  -0.00  -0.00  -0.00  -0.50  -0.00  -0.00   0.00   0.00  -0.50  -0.00   0.00 |   0.00 
x16	|   0.00   0.00   0.00   0.87   0.00   0.00   0.00   0.00   0.00   0.00   0.00   0.00  -0.00   0.00   0.00   0.00   1.00  -0.92   0.87   0.00   0.00   0.00   0.00   0.00   0.00   1.37  -1.00   0.00  -0.87   0.00   1.37   0.00  -0.87 | 65217.39 
x1	|   0.00   1.00   0.00  -0.87   0.00   0.00   0.00   0.00   0.00   0.00   0.00   0.00   0.00   0.00   0.00   0.00   0.00   0.92  -0.87  -0.00   0.00   0.00   0.00   0.00   0.00  -0.87   0.00   0.00   0.87   0.00  -0.87   0.00   0.87 | 34782.61 
x2	|   0.00   0.00   1.00   0.92   0.00   0.00   0.00   0.00   0.00   0.00   0.00   0.00   1.00   0.00   0.00   0.00   0.00   0.02   0.92   0.00   0.00   0.00   0.00   0.00   0.00   1.95  -1.06  -1.00  -0.92   0.00   1.95   0.00  -0.92 | 69130.43 
x4	|   0.00   0.00   0.00   1.06   1.00   0.00   0.00   0.00   0.00   0.00   0.00   0.00   1.15   0.00   0.00   0.00   0.00   0.03  -0.00   1.00   0.00   0.00   0.00   0.00   0.00   2.74  -1.22  -1.15  -1.06  -1.00   2.74   0.00  -1.06 | 79500.00 
x31	|   0.00   0.00   0.00   0.00   0.00   0.00   0.00   0.00   0.00   0.00   0.00   0.00   1.00   0.00   0.00   0.00   0.00   0.00  -0.00   0.00   0.00   0.00   0.00   0.00   0.00  -0.50  -0.00  -0.00   0.00   0.00  -0.50   1.00   0.00 | 30000.00 
x8	|   0.00   0.00   0.00   0.00   0.00   0.00   0.00   0.00   1.00   0.00   0.00   0.00   0.00   0.00   0.00   0.00   0.00   0.00  -0.00   0.00   0.00   0.00   0.00   0.00   0.00  -0.50   0.00   0.00   0.00   0.00  -0.50   0.00   1.00 | 40000.00 

solution found

z	|   1.00   0.00   0.00   0.00   0.00   0.00   0.00   0.00   0.00   0.00   0.00   0.00   0.00   0.00   0.00   0.00   0.00   0.00   0.00   0.00   0.00   0.00   0.00   0.00   0.00   0.00   0.00   0.00   0.00   0.00   0.00   0.00   0.00 |   0.00 
x21	|  -2.00   0.00   0.00   0.00   0.00   0.00   0.00   0.00   0.00   0.00   0.00   0.00   0.00   0.00   0.00   0.00   0.00   0.00   0.00   0.00   0.00   1.00   0.00   0.00   0.00   0.00   1.00   0.00   0.00   0.00   0.00   0.00   0.00 |   0.00 
x22	|  -2.00   0.00   0.00   0.00   0.00   0.00   0.00   0.00   0.00   0.00   0.00   0.00   0.00   0.00   0.00   0.00   0.00  -0.00   0.00  -0.00   0.00   0.00   1.00   0.00   0.00   0.00  -0.00   1.00  -0.00   0.00  -0.00   0.00  -0.00 |   0.00 
x23	|  -2.00   0.00   0.00   0.00   0.00   0.00   0.00   0.00   0.00   0.00   0.00   0.00  -0.00   0.00   0.00   0.00   0.00  -0.00   0.00  -0.00   0.00   0.00   0.00   1.00   0.00   0.00   0.00   0.00   1.00   0.00  -0.00   0.00  -0.00 |  -0.00 
x24	|  -2.00   0.00   0.00   0.00   0.00   0.00   0.00   0.00   0.00   0.00   0.00   0.00   0.00   0.00   0.00   0.00   0.00   0.00   0.00   0.00   0.00   0.00   0.00   0.00   1.00   0.00   0.00   0.00  -0.00   1.00   0.00   0.00   0.00 |   0.00 
x20	|   1.00   0.00   0.00  -1.15   0.00   0.00   0.00   0.00   0.00   0.00   0.00   0.00   0.00   0.00   0.00   0.00   0.00  -0.00  -0.00  -1.06   1.00   0.00   0.00   0.00   0.00   0.00  -0.00  -0.00   0.00   0.00  -1.00   0.00   0.00 |   0.00 
x25	|  -2.00  -0.00  -0.00  -0.00  -0.00   0.00   0.00   0.00  -0.00   0.00   0.00   0.00  -0.00   0.00   0.00   0.00  -0.00  -0.00   0.00  -0.00  -0.00   0.00   0.00   0.00   0.00   1.00   0.00   0.00  -0.00  -0.00   1.00   0.00  -0.00 |  -0.00 
x16	|   2.74   0.00   0.00   0.87   0.00   0.00   0.00   0.00   0.00   0.00   0.00   0.00  -0.00   0.00   0.00   0.00   1.00  -0.92   0.87   0.00   0.00   0.00   0.00   0.00   0.00   0.00  -1.00   0.00  -0.87   0.00   0.00   0.00  -0.87 | 65217.39 
x1	|  -1.74   1.00   0.00  -0.87   0.00   0.00   0.00   0.00   0.00   0.00   0.00   0.00  -0.00   0.00   0.00   0.00   0.00   0.92  -0.87  -0.00   0.00   0.00   0.00   0.00   0.00   0.00   0.00   0.00   0.87   0.00  -0.00   0.00   0.87 | 34782.61 
x2	|   3.90   0.00   1.00   0.92   0.00   0.00   0.00   0.00   0.00   0.00   0.00   0.00   1.00   0.00   0.00   0.00   0.00   0.02   0.92   0.00   0.00   0.00   0.00   0.00   0.00   0.00  -1.06  -1.00  -0.92   0.00   0.00   0.00  -0.92 | 69130.43 
x4	|   5.49   0.00   0.00   1.06   1.00   0.00   0.00   0.00   0.00   0.00   0.00   0.00   1.15   0.00   0.00   0.00   0.00   0.03  -0.00   1.00   0.00   0.00   0.00   0.00   0.00   0.00  -1.22  -1.15  -1.06  -1.00   0.00   0.00  -1.06 | 79500.00 
x31	|  -1.00   0.00   0.00   0.00   0.00   0.00   0.00   0.00   0.00   0.00   0.00   0.00   1.00   0.00   0.00   0.00   0.00   0.00   0.00   0.00   0.00   0.00   0.00   0.00   0.00   0.00   0.00   0.00   0.00   0.00   0.00   1.00   0.00 | 30000.00 
x8	|  -1.00   0.00   0.00   0.00   0.00   0.00   0.00   0.00   1.00   0.00   0.00   0.00  -0.00   0.00   0.00   0.00   0.00  -0.00   0.00   0.00   0.00   0.00   0.00   0.00   0.00   0.00   0.00   0.00   0.00   0.00   0.00   0.00   1.00 | 40000.00 

the helper LP has got optimal value

z	|   0.00   0.00  -0.00   0.00   0.00   0.00   0.00   0.00   0.00   0.00   0.00  -0.08   0.00   0.00   0.00   0.00   0.03  -0.00   0.03   0.00   0.00   0.00   0.00   0.00   0.00  -1.40  -1.32  -1.22  -1.15  -1.06   0.00   0.03 | 141425.00 
x21	|   0.00   0.00   0.00   0.00   0.00   0.00   0.00   0.00   0.00   0.00   0.00   0.00   0.00   0.00   0.00   0.00   0.00   0.00   0.00   0.00   1.00   0.00   0.00   0.00   0.00   1.00   0.00   0.00   0.00   0.00   0.00   0.00 |   0.00 
x22	|   0.00   0.00   0.00   0.00   0.00   0.00   0.00   0.00   0.00   0.00   0.00   0.00   0.00   0.00   0.00   0.00  -0.00   0.00  -0.00   0.00   0.00   1.00   0.00   0.00   0.00  -0.00   1.00  -0.00   0.00  -0.00   0.00  -0.00 |   0.00 
x23	|   0.00   0.00   0.00   0.00   0.00   0.00   0.00   0.00   0.00   0.00   0.00  -0.00   0.00   0.00   0.00   0.00  -0.00   0.00  -0.00   0.00   0.00   0.00   1.00   0.00   0.00   0.00   0.00   1.00   0.00  -0.00   0.00  -0.00 |  -0.00 
x24	|   0.00   0.00   0.00   0.00   0.00   0.00   0.00   0.00   0.00   0.00   0.00   0.00   0.00   0.00   0.00   0.00   0.00   0.00   0.00   0.00   0.00   0.00   0.00   1.00   0.00   0.00   0.00  -0.00   1.00   0.00   0.00   0.00 |   0.00 
x20	|   0.00   0.00  -1.15   0.00   0.00   0.00   0.00   0.00   0.00   0.00   0.00   0.00   0.00   0.00   0.00   0.00  -0.00  -0.00  -1.06   1.00   0.00   0.00   0.00   0.00   0.00  -0.00  -0.00   0.00   0.00  -1.00   0.00   0.00 |   0.00 
x25	|  -0.00  -0.00  -0.00  -0.00   0.00   0.00   0.00  -0.00   0.00   0.00   0.00  -0.00   0.00   0.00   0.00  -0.00  -0.00   0.00  -0.00  -0.00   0.00   0.00   0.00   0.00   1.00   0.00   0.00  -0.00  -0.00   1.00   0.00  -0.00 |  -0.00 
x16	|   0.00   0.00   0.87   0.00   0.00   0.00   0.00   0.00   0.00   0.00   0.00  -0.00   0.00   0.00   0.00   1.00  -0.92   0.87   0.00   0.00   0.00   0.00   0.00   0.00   0.00  -1.00   0.00  -0.87   0.00   0.00   0.00  -0.87 | 65217.39 
x1	|   1.00   0.00  -0.87   0.00   0.00   0.00   0.00   0.00   0.00   0.00   0.00  -0.00   0.00   0.00   0.00   0.00   0.92  -0.87  -0.00   0.00   0.00   0.00   0.00   0.00   0.00   0.00   0.00   0.87   0.00  -0.00   0.00   0.87 | 34782.61 
x2	|   0.00   1.00   0.92   0.00   0.00   0.00   0.00   0.00   0.00   0.00   0.00   1.00   0.00   0.00   0.00   0.00   0.02   0.92   0.00   0.00   0.00   0.00   0.00   0.00   0.00  -1.06  -1.00  -0.92   0.00   0.00   0.00  -0.92 | 69130.43 
x4	|   0.00   0.00   1.06   1.00   0.00   0.00   0.00   0.00   0.00   0.00   0.00   1.15   0.00   0.00   0.00   0.00   0.03  -0.00   1.00   0.00   0.00   0.00   0.00   0.00   0.00  -1.22  -1.15  -1.06  -1.00   0.00   0.00  -1.06 | 79500.00 
x31	|   0.00   0.00   0.00   0.00   0.00   0.00   0.00   0.00   0.00   0.00   0.00   1.00   0.00   0.00   0.00   0.00   0.00   0.00   0.00   0.00   0.00   0.00   0.00   0.00   0.00   0.00   0.00   0.00   0.00   0.00   1.00   0.00 | 30000.00 
x8	|   0.00   0.00   0.00   0.00   0.00   0.00   0.00   1.00   0.00   0.00   0.00  -0.00   0.00   0.00   0.00   0.00  -0.00   0.00   0.00   0.00   0.00   0.00   0.00   0.00   0.00   0.00   0.00   0.00   0.00   0.00   0.00   1.00 | 40000.00 

z	|   0.00   0.00  -0.00   0.00   0.00   0.00   0.00   0.00   0.00   0.00   0.00  -0.08   0.00   0.00   0.00   0.00   0.03  -0.00   0.03   0.00   0.00   0.00   0.00   0.00   0.00  -1.40  -1.32  -1.22  -1.15  -1.06   0.00   0.03 | 141425.00 
x21	|   0.00   0.00   0.00   0.00   0.00   0.00   0.00   0.00   0.00   0.00   0.00   0.00   0.00   0.00   0.00   0.00   0.00   0.00   0.00   0.00   1.00   0.00   0.00   0.00   0.00   1.00   0.00   0.00   0.00   0.00   0.00   0.00 |   0.00 
x22	|   0.00   0.00   0.00   0.00   0.00   0.00   0.00   0.00   0.00   0.00   0.00   0.00   0.00   0.00   0.00   0.00  -0.00   0.00  -0.00   0.00   0.00   1.00   0.00   0.00   0.00  -0.00   1.00  -0.00   0.00  -0.00   0.00  -0.00 |   0.00 
x23	|   0.00   0.00   0.00   0.00   0.00   0.00   0.00   0.00   0.00   0.00   0.00  -0.00   0.00   0.00   0.00   0.00  -0.00   0.00  -0.00   0.00   0.00   0.00   1.00   0.00   0.00   0.00   0.00   1.00   0.00  -0.00   0.00  -0.00 |  -0.00 
x24	|   0.00   0.00   0.00   0.00   0.00   0.00   0.00   0.00   0.00   0.00   0.00   0.00   0.00   0.00   0.00   0.00   0.00   0.00   0.00   0.00   0.00   0.00   0.00   1.00   0.00   0.00   0.00  -0.00   1.00   0.00   0.00   0.00 |   0.00 
x20	|   0.00   0.00  -1.15   0.00   0.00   0.00   0.00   0.00   0.00   0.00   0.00   0.00   0.00   0.00   0.00   0.00  -0.00  -0.00  -1.06   1.00   0.00   0.00   0.00   0.00   0.00  -0.00  -0.00   0.00   0.00  -1.00   0.00   0.00 |   0.00 
x25	|  -0.00  -0.00  -0.00  -0.00   0.00   0.00   0.00  -0.00   0.00   0.00   0.00  -0.00   0.00   0.00   0.00  -0.00  -0.00   0.00  -0.00  -0.00   0.00   0.00   0.00   0.00   1.00   0.00   0.00  -0.00  -0.00   1.00   0.00  -0.00 |  -0.00 
x16	|   0.00   0.00   0.87   0.00   0.00   0.00   0.00   0.00   0.00   0.00   0.00  -0.00   0.00   0.00   0.00   1.00  -0.92   0.87   0.00   0.00   0.00   0.00   0.00   0.00   0.00  -1.00   0.00  -0.87   0.00   0.00   0.00  -0.87 | 65217.39 
x1	|   1.00   0.00  -0.87   0.00   0.00   0.00   0.00   0.00   0.00   0.00   0.00  -0.00   0.00   0.00   0.00   0.00   0.92  -0.87  -0.00   0.00   0.00   0.00   0.00   0.00   0.00   0.00   0.00   0.87   0.00  -0.00   0.00   0.87 | 34782.61 
x2	|   0.00   1.00   0.92   0.00   0.00   0.00   0.00   0.00   0.00   0.00   0.00   1.00   0.00   0.00   0.00   0.00   0.02   0.92   0.00   0.00   0.00   0.00   0.00   0.00   0.00  -1.06  -1.00  -0.92   0.00   0.00   0.00  -0.92 | 69130.43 
x4	|   0.00   0.00   1.06   1.00   0.00   0.00   0.00   0.00   0.00   0.00   0.00   1.15   0.00   0.00   0.00   0.00   0.03  -0.00   1.00   0.00   0.00   0.00   0.00   0.00   0.00  -1.22  -1.15  -1.06  -1.00   0.00   0.00  -1.06 | 79500.00 
x31	|   0.00   0.00   0.00   0.00   0.00   0.00   0.00   0.00   0.00   0.00   0.00   1.00   0.00   0.00   0.00   0.00   0.00   0.00   0.00   0.00   0.00   0.00   0.00   0.00   0.00   0.00   0.00   0.00   0.00   0.00   1.00   0.00 | 30000.00 
x8	|   0.00   0.00   0.00   0.00   0.00   0.00   0.00   1.00   0.00   0.00   0.00  -0.00   0.00   0.00   0.00   0.00  -0.00   0.00   0.00   0.00   0.00   0.00   0.00   0.00   0.00   0.00   0.00   0.00   0.00   0.00   0.00   1.00 | 40000.00 

z	|   0.00   0.00  -0.00   0.00   0.00   0.00   0.00   0.00   0.00   0.00   0.00   0.00   0.00   0.00   0.00   0.00   0.03  -0.00   0.03   0.00   0.00   0.00   0.00   0.00   0.00  -1.40  -1.32  -1.22  -1.15  -1.06   0.08   0.03 | 143750.00 
x21	|   0.00   0.00   0.00   0.00   0.00   0.00   0.00   0.00   0.00   0.00   0.00   0.00   0.00   0.00   0.00   0.00   0.00   0.00   0.00   0.00   1.00   0.00   0.00   0.00   0.00   1.00   0.00   0.00   0.00   0.00   0.00   0.00 |   0.00 
x22	|   0.00   0.00   0.00   0.00   0.00   0.00   0.00   0.00   0.00   0.00   0.00   0.00   0.00   0.00   0.00   0.00  -0.00   0.00  -0.00   0.00   0.00   1.00   0.00   0.00   0.00  -0.00   1.00  -0.00   0.00  -0.00  -0.00  -0.00 |   0.00 
x23	|   0.00   0.00   0.00   0.00   0.00   0.00   0.00   0.00   0.00   0.00   0.00   0.00   0.00   0.00   0.00   0.00  -0.00   0.00  -0.00   0.00   0.00   0.00   1.00   0.00   0.00   0.00   0.00   1.00   0.00  -0.00   0.00  -0.00 |  -0.00 
x24	|   0.00   0.00   0.00   0.00   0.00   0.00   0.00   0.00   0.00   0.00   0.00   0.00   0.00   0.00   0.00   0.00   0.00   0.00   0.00   0.00   0.00   0.00   0.00   1.00   0.00   0.00   0.00  -0.00   1.00   0.00   0.00   0.00 |   0.00 
x20	|   0.00   0.00  -1.15   0.00   0.00   0.00   0.00   0.00   0.00   0.00   0.00   0.00   0.00   0.00   0.00   0.00  -0.00  -0.00  -1.06   1.00   0.00   0.00   0.00   0.00   0.00  -0.00  -0.00   0.00   0.00  -1.00  -0.00   0.00 |   0.00 
x25	|   0.00   0.00   0.00   0.00   0.00   0.00   0.00   0.00   0.00   0.00   0.00   0.00   0.00   0.00   0.00   0.00  -0.00   0.00   0.00   0.00   0.00   0.00   0.00   0.00   1.00   0.00   0.00  -0.00   0.00   1.00   0.00  -0.00 |  -0.00 
x16	|   0.00   0.00   0.87   0.00   0.00   0.00   0.00   0.00   0.00   0.00   0.00   0.00   0.00   0.00   0.00   1.00  -0.92   0.87   0.00   0.00   0.00   0.00   0.00   0.00   0.00  -1.00   0.00  -0.87   0.00   0.00   0.00  -0.87 | 65217.39 
x1	|   1.00   0.00  -0.87   0.00   0.00   0.00   0.00   0.00   0.00   0.00   0.00   0.00   0.00   0.00   0.00   0.00   0.92  -0.87  -0.00   0.00   0.00   0.00   0.00   0.00   0.00   0.00   0.00   0.87   0.00  -0.00   0.00   0.87 | 34782.61 
x2	|   0.00   1.00   0.92   0.00   0.00   0.00   0.00   0.00   0.00   0.00   0.00   0.00   0.00   0.00   0.00   0.00   0.02   0.92   0.00   0.00   0.00   0.00   0.00   0.00   0.00  -1.06  -1.00  -0.92   0.00   0.00  -1.00  -0.92 | 39130.43 
x4	|   0.00   0.00   1.06   1.00   0.00   0.00   0.00   0.00   0.00   0.00   0.00   0.00   0.00   0.00   0.00   0.00   0.03  -0.00   1.00   0.00   0.00   0.00   0.00   0.00   0.00  -1.22  -1.15  -1.06  -1.00   0.00  -1.15  -1.06 | 45000.00 
x12	|   0.00   0.00   0.00   0.00   0.00   0.00   0.00   0.00   0.00   0.00   0.00   1.00   0.00   0.00   0.00   0.00   0.00   0.00   0.00   0.00   0.00   0.00   0.00   0.00   0.00   0.00   0.00   0.00   0.00   0.00   1.00   0.00 | 30000.00 
x8	|   0.00   0.00   0.00   0.00   0.00   0.00   0.00   1.00   0.00   0.00   0.00   0.00   0.00   0.00   0.00   0.00  -0.00   0.00   0.00   0.00   0.00   0.00   0.00   0.00   0.00   0.00   0.00   0.00   0.00   0.00   0.00   1.00 | 40000.00 

z	|   0.00   0.00  -0.00   0.00   0.00   0.00   0.00   0.00   0.00   0.00   0.00   0.00   0.00   0.00   0.00   0.00   0.03  -0.00   0.03   0.00   1.40   0.00   0.00   0.00   0.00   0.00  -1.32  -1.22  -1.15  -1.06   0.08   0.03 | 143750.00 
x26	|   0.00   0.00   0.00   0.00   0.00   0.00   0.00   0.00   0.00   0.00   0.00   0.00   0.00   0.00   0.00   0.00   0.00   0.00   0.00   0.00   1.00   0.00   0.00   0.00   0.00   1.00   0.00   0.00   0.00   0.00   0.00   0.00 |   0.00 
x22	|   0.00   0.00   0.00   0.00   0.00   0.00   0.00   0.00   0.00   0.00   0.00   0.00   0.00   0.00   0.00   0.00  -0.00   0.00  -0.00   0.00   0.00   1.00   0.00   0.00   0.00   0.00   1.00  -0.00   0.00  -0.00  -0.00  -0.00 |   0.00 
x23	|   0.00   0.00   0.00   0.00   0.00   0.00   0.00   0.00   0.00   0.00   0.00   0.00   0.00   0.00   0.00   0.00  -0.00   0.00  -0.00   0.00  -0.00   0.00   1.00   0.00   0.00   0.00   0.00   1.00   0.00  -0.00   0.00  -0.00 |  -0.00 
x24	|   0.00   0.00   0.00   0.00   0.00   0.00   0.00   0.00   0.00   0.00   0.00   0.00   0.00   0.00   0.00   0.00   0.00   0.00   0.00   0.00   0.00   0.00   0.00   1.00   0.00   0.00   0.00  -0.00   1.00   0.00   0.00   0.00 |   0.00 
x20	|   0.00   0.00  -1.15   0.00   0.00   0.00   0.00   0.00   0.00   0.00   0.00   0.00   0.00   0.00   0.00   0.00  -0.00  -0.00  -1.06   1.00   0.00   0.00   0.00   0.00   0.00   0.00  -0.00   0.00   0.00  -1.00  -0.00   0.00 |   0.00 
x25	|   0.00   0.00   0.00   0.00   0.00   0.00   0.00   0.00   0.00   0.00   0.00   0.00   0.00   0.00   0.00   0.00  -0.00   0.00   0.00   0.00  -0.00   0.00   0.00   0.00   1.00   0.00   0.00  -0.00   0.00   1.00   0.00  -0.00 |  -0.00 
x16	|   0.00   0.00   0.87   0.00   0.00   0.00   0.00   0.00   0.00   0.00   0.00   0.00   0.00   0.00   0.00   1.00  -0.92   0.87   0.00   0.00   1.00   0.00   0.00   0.00   0.00   0.00   0.00  -0.87   0.00   0.00   0.00  -0.87 | 65217.39 
x1	|   1.00   0.00  -0.87   0.00   0.00   0.00   0.00   0.00   0.00   0.00   0.00   0.00   0.00   0.00   0.00   0.00   0.92  -0.87  -0.00   0.00  -0.00   0.00   0.00   0.00   0.00   0.00   0.00   0.87   0.00  -0.00   0.00   0.87 | 34782.61 
x2	|   0.00   1.00   0.92   0.00   0.00   0.00   0.00   0.00   0.00   0.00   0.00   0.00   0.00   0.00   0.00   0.00   0.02   0.92   0.00   0.00   1.06   0.00   0.00   0.00   0.00   0.00  -1.00  -0.92   0.00   0.00  -1.00  -0.92 | 39130.43 
x4	|   0.00   0.00   1.06   1.00   0.00   0.00   0.00   0.00   0.00   0.00   0.00   0.00   0.00   0.00   0.00   0.00   0.03  -0.00   1.00   0.00   1.22   0.00   0.00   0.00   0.00   0.00  -1.15  -1.06  -1.00   0.00  -1.15  -1.06 | 45000.00 
x12	|   0.00   0.00   0.00   0.00   0.00   0.00   0.00   0.00   0.00   0.00   0.00   1.00   0.00   0.00   0.00   0.00   0.00   0.00   0.00   0.00   0.00   0.00   0.00   0.00   0.00   0.00   0.00   0.00   0.00   0.00   1.00   0.00 | 30000.00 
x8	|   0.00   0.00   0.00   0.00   0.00   0.00   0.00   1.00   0.00   0.00   0.00   0.00   0.00   0.00   0.00   0.00  -0.00   0.00   0.00   0.00  -0.00   0.00   0.00   0.00   0.00   0.00   0.00   0.00   0.00   0.00   0.00   1.00 | 40000.00 

z	|   0.00   0.00  -0.00   0.00   0.00   0.00   0.00   0.00   0.00   0.00   0.00   0.00   0.00   0.00   0.00   0.00   0.03  -0.00   0.03   0.00   1.40   1.32   0.00   0.00   0.00   0.00   0.00  -1.22  -1.15  -1.06   0.08   0.03 | 143750.00 
x26	|   0.00   0.00   0.00   0.00   0.00   0.00   0.00   0.00   0.00   0.00   0.00   0.00   0.00   0.00   0.00   0.00   0.00   0.00   0.00   0.00   1.00   0.00   0.00   0.00   0.00   1.00   0.00   0.00   0.00   0.00   0.00   0.00 |   0.00 
x27	|   0.00   0.00   0.00   0.00   0.00   0.00   0.00   0.00   0.00   0.00   0.00   0.00   0.00   0.00   0.00   0.00  -0.00   0.00  -0.00   0.00   0.00   1.00   0.00   0.00   0.00   0.00   1.00  -0.00   0.00  -0.00  -0.00  -0.00 |   0.00 
x23	|   0.00   0.00   0.00   0.00   0.00   0.00   0.00   0.00   0.00   0.00   0.00   0.00   0.00   0.00   0.00   0.00  -0.00   0.00  -0.00   0.00  -0.00  -0.00   1.00   0.00   0.00   0.00   0.00   1.00   0.00  -0.00   0.00  -0.00 |  -0.00 
x24	|   0.00   0.00   0.00   0.00   0.00   0.00   0.00   0.00   0.00   0.00   0.00   0.00   0.00   0.00   0.00   0.00   0.00   0.00   0.00   0.00   0.00   0.00   0.00   1.00   0.00   0.00   0.00  -0.00   1.00   0.00   0.00   0.00 |   0.00 
x20	|   0.00   0.00  -1.15   0.00   0.00   0.00   0.00   0.00   0.00   0.00   0.00   0.00   0.00   0.00   0.00   0.00  -0.00  -0.00  -1.06   1.00   0.00   0.00   0.00   0.00   0.00   0.00   0.00   0.00   0.00  -1.00  -0.00   0.00 |   0.00 
x25	|   0.00   0.00   0.00   0.00   0.00   0.00   0.00   0.00   0.00   0.00   0.00   0.00   0.00   0.00   0.00   0.00  -0.00   0.00   0.00   0.00  -0.00  -0.00   0.00   0.00   1.00   0.00   0.00  -0.00   0.00   1.00   0.00  -0.00 |  -0.00 
x16	|   0.00   0.00   0.87   0.00   0.00   0.00   0.00   0.00   0.00   0.00   0.00   0.00   0.00   0.00   0.00   1.00  -0.92   0.87   0.00   0.00   1.00  -0.00   0.00   0.00   0.00   0.00   0.00  -0.87   0.00   0.00   0.00  -0.87 | 65217.39 
x1	|   1.00   0.00  -0.87   0.00   0.00   0.00   0.00   0.00   0.00   0.00   0.00   0.00   0.00   0.00   0.00   0.00   0.92  -0.87  -0.00   0.00  -0.00  -0.00   0.00   0.00   0.00   0.00   0.00   0.87   0.00  -0.00   0.00   0.87 | 34782.61 
x2	|   0.00   1.00   0.92   0.00   0.00   0.00   0.00   0.00   0.00   0.00   0.00   0.00   0.00   0.00   0.00   0.00   0.02   0.92  -0.00   0.00   1.06   1.00   0.00   0.00   0.00   0.00   0.00  -0.92   0.00   0.00  -1.00  -0.92 | 39130.43 
x4	|   0.00   0.00   1.06   1.00   0.00   0.00   0.00   0.00   0.00   0.00   0.00   0.00   0.00   0.00   0.00   0.00   0.03  -0.00   1.00   0.00   1.22   1.15   0.00   0.00   0.00   0.00   0.00  -1.06  -1.00   0.00  -1.15  -1.06 | 45000.00 
x12	|   0.00   0.00   0.00   0.00   0.00   0.00   0.00   0.00   0.00   0.00   0.00   1.00   0.00   0.00   0.00   0.00   0.00   0.00   0.00   0.00   0.00   0.00   0.00   0.00   0.00   0.00   0.00   0.00   0.00   0.00   1.00   0.00 | 30000.00 
x8	|   0.00   0.00   0.00   0.00   0.00   0.00   0.00   1.00   0.00   0.00   0.00   0.00   0.00   0.00   0.00   0.00  -0.00   0.00   0.00   0.00  -0.00  -0.00   0.00   0.00   0.00   0.00   0.00   0.00   0.00   0.00   0.00   1.00 | 40000.00 

z	|   0.00   0.00   0.00   0.00   0.00   0.00   0.00   0.00   0.00   0.00   0.00   0.00   0.00   0.00   0.00   0.00   0.03   0.00   0.03   0.00   1.40   1.32   1.22   0.00   0.00   0.00   0.00   0.00  -1.15  -1.06   0.08   0.03 | 143750.00 
x26	|   0.00   0.00   0.00   0.00   0.00   0.00   0.00   0.00   0.00   0.00   0.00   0.00   0.00   0.00   0.00   0.00   0.00   0.00   0.00   0.00   1.00   0.00   0.00   0.00   0.00   1.00   0.00   0.00   0.00   0.00   0.00   0.00 |   0.00 
x27	|   0.00   0.00   0.00   0.00   0.00   0.00   0.00   0.00   0.00   0.00   0.00   0.00   0.00   0.00   0.00   0.00  -0.00   0.00  -0.00   0.00   0.00   1.00   0.00   0.00   0.00   0.00   1.00   0.00   0.00  -0.00  -0.00  -0.00 |   0.00 
x28	|   0.00   0.00   0.00   0.00   0.00   0.00   0.00   0.00   0.00   0.00   0.00   0.00   0.00   0.00   0.00   0.00  -0.00   0.00  -0.00   0.00  -0.00  -0.00   1.00   0.00   0.00   0.00   0.00   1.00   0.00  -0.00   0.00  -0.00 |  -0.00 
x24	|   0.00   0.00   0.00   0.00   0.00   0.00   0.00   0.00   0.00   0.00   0.00   0.00   0.00   0.00   0.00   0.00  -0.00   0.00  -0.00   0.00  -0.00  -0.00   0.00   1.00   0.00   0.00   0.00   0.00   1.00  -0.00   0.00  -0.00 |  -0.00 
x20	|   0.00   0.00  -1.15   0.00   0.00   0.00   0.00   0.00   0.00   0.00   0.00   0.00   0.00   0.00   0.00   0.00  -0.00  -0.00  -1.06   1.00   0.00   0.00  -0.00   0.00   0.00   0.00   0.00   0.00   0.00  -1.00  -0.00   0.00 |   0.00 
x25	|   0.00   0.00   0.00   0.00   0.00   0.00   0.00   0.00   0.00   0.00   0.00   0.00   0.00   0.00   0.00   0.00  -0.00   0.00   0.00   0.00  -0.00  -0.00   0.00   0.00   1.00   0.00   0.00   0.00   0.00   1.00   0.00  -0.00 |  -0.00 
x16	|   0.00   0.00   0.87   0.00   0.00   0.00   0.00   0.00   0.00   0.00   0.00   0.00   0.00   0.00   0.00   1.00  -0.92   0.87  -0.00   0.00   1.00  -0.00   0.87   0.00   0.00   0.00   0.00   0.00   0.00   0.00   0.00  -0.87 | 65217.39 
x1	|   1.00   0.00  -0.87   0.00   0.00   0.00   0.00   0.00   0.00   0.00   0.00   0.00   0.00   0.00   0.00   0.00   0.92  -0.87   0.00   0.00  -0.00  -0.00  -0.87   0.00   0.00   0.00   0.00   0.00   0.00  -0.00   0.00   0.87 | 34782.61 
x2	|   0.00   1.00   0.92   0.00   0.00   0.00   0.00   0.00   0.00   0.00   0.00   0.00   0.00   0.00   0.00   0.00   0.02   0.92  -0.00   0.00   1.06   1.00   0.92   0.00   0.00   0.00   0.00   0.00   0.00   0.00  -1.00  -0.92 | 39130.43 
x4	|   0.00   0.00   1.06   1.00   0.00   0.00   0.00   0.00   0.00   0.00   0.00   0.00   0.00   0.00   0.00   0.00   0.03   0.00   1.00   0.00   1.22   1.15   1.06   0.00   0.00   0.00   0.00   0.00  -1.00   0.00  -1.15  -1.06 | 45000.00 
x12	|   0.00   0.00   0.00   0.00   0.00   0.00   0.00   0.00   0.00   0.00   0.00   1.00   0.00   0.00   0.00   0.00   0.00   0.00   0.00   0.00   0.00   0.00   0.00   0.00   0.00   0.00   0.00   0.00   0.00   0.00   1.00   0.00 | 30000.00 
x8	|   0.00   0.00  -0.00   0.00   0.00   0.00   0.00   1.00   0.00   0.00   0.00   0.00   0.00   0.00   0.00   0.00  -0.00   0.00   0.00   0.00  -0.00  -0.00  -0.00   0.00   0.00   0.00   0.00   0.00   0.00   0.00   0.00   1.00 | 40000.00 

z	|   0.00   0.00   0.00   0.00   0.00   0.00   0.00   0.00   0.00   0.00   0.00   0.00   0.00   0.00   0.00   0.00   0.03   0.00   0.03   0.00   1.40   1.32   1.22   1.15   0.00   0.00   0.00   0.00   0.00  -1.06   0.08   0.03 | 143750.00 
x26	|   0.00   0.00   0.00   0.00   0.00   0.00   0.00   0.00   0.00   0.00   0.00   0.00   0.00   0.00   0.00   0.00   0.00   0.00   0.00   0.00   1.00   0.00   0.00   0.00   0.00   1.00   0.00   0.00   0.00   0.00   0.00   0.00 |   0.00 
x27	|   0.00   0.00   0.00   0.00   0.00   0.00   0.00   0.00   0.00   0.00   0.00   0.00   0.00   0.00   0.00   0.00  -0.00   0.00  -0.00   0.00   0.00   1.00   0.00   0.00   0.00   0.00   1.00   0.00   0.00  -0.00  -0.00  -0.00 |   0.00 
x28	|   0.00   0.00   0.00   0.00   0.00   0.00   0.00   0.00   0.00   0.00   0.00   0.00   0.00   0.00   0.00   0.00  -0.00   0.00  -0.00   0.00  -0.00  -0.00   1.00   0.00   0.00   0.00   0.00   1.00   0.00  -0.00   0.00  -0.00 |  -0.00 
x29	|   0.00   0.00   0.00   0.00   0.00   0.00   0.00   0.00   0.00   0.00   0.00   0.00   0.00   0.00   0.00   0.00  -0.00   0.00  -0.00   0.00  -0.00  -0.00   0.00   1.00   0.00   0.00   0.00   0.00   1.00  -0.00   0.00  -0.00 |  -0.00 
x20	|   0.00   0.00  -1.15   0.00   0.00   0.00   0.00   0.00   0.00   0.00   0.00   0.00   0.00   0.00   0.00   0.00  -0.00  -0.00  -1.06   1.00   0.00   0.00  -0.00   0.00   0.00   0.00   0.00   0.00   0.00  -1.00  -0.00   0.00 |   0.00 
x25	|   0.00   0.00   0.00   0.00   0.00   0.00   0.00   0.00   0.00   0.00   0.00   0.00   0.00   0.00   0.00   0.00  -0.00   0.00   0.00   0.00  -0.00  -0.00   0.00   0.00   1.00   0.00   0.00   0.00   0.00   1.00   0.00  -0.00 |  -0.00 
x16	|   0.00   0.00   0.87   0.00   0.00   0.00   0.00   0.00   0.00   0.00   0.00   0.00   0.00   0.00   0.00   1.00  -0.92   0.87  -0.00   0.00   1.00  -0.00   0.87   0.00   0.00   0.00   0.00   0.00   0.00   0.00   0.00  -0.87 | 65217.39 
x1	|   1.00   0.00  -0.87   0.00   0.00   0.00   0.00   0.00   0.00   0.00   0.00   0.00   0.00   0.00   0.00   0.00   0.92  -0.87   0.00   0.00  -0.00  -0.00  -0.87   0.00   0.00   0.00   0.00   0.00   0.00  -0.00   0.00   0.87 | 34782.61 
x2	|   0.00   1.00   0.92   0.00   0.00   0.00   0.00   0.00   0.00   0.00   0.00   0.00   0.00   0.00   0.00   0.00   0.02   0.92  -0.00   0.00   1.06   1.00   0.92   0.00   0.00   0.00   0.00   0.00   0.00   0.00  -1.00  -0.92 | 39130.43 
x4	|   0.00   0.00   1.06   1.00   0.00   0.00   0.00   0.00   0.00   0.00   0.00   0.00   0.00   0.00   0.00   0.00   0.03   0.00   1.00   0.00   1.22   1.15   1.06   1.00   0.00   0.00   0.00   0.00   0.00   0.00  -1.15  -1.06 | 45000.00 
x12	|   0.00   0.00   0.00   0.00   0.00   0.00   0.00   0.00   0.00   0.00   0.00   1.00   0.00   0.00   0.00   0.00   0.00   0.00   0.00   0.00   0.00   0.00   0.00   0.00   0.00   0.00   0.00   0.00   0.00   0.00   1.00   0.00 | 30000.00 
x8	|   0.00   0.00  -0.00   0.00   0.00   0.00   0.00   1.00   0.00   0.00   0.00   0.00   0.00   0.00   0.00   0.00  -0.00   0.00   0.00   0.00  -0.00  -0.00  -0.00   0.00   0.00   0.00   0.00   0.00   0.00   0.00   0.00   1.00 | 40000.00 

z	|   0.00   0.00   0.00   0.00   0.00   0.00   0.00   0.00   0.00   0.00   0.00   0.00   0.00   0.00   0.00   0.00   0.03   0.00   0.03   0.00   1.40   1.32   1.22   1.15   1.06   0.00   0.00   0.00   0.00   0.00   0.08   0.03 | 143750.00 
x26	|   0.00   0.00   0.00   0.00   0.00   0.00   0.00   0.00   0.00   0.00   0.00   0.00   0.00   0.00   0.00   0.00   0.00   0.00   0.00   0.00   1.00   0.00   0.00   0.00   0.00   1.00   0.00   0.00   0.00   0.00   0.00   0.00 |   0.00 
x27	|   0.00   0.00   0.00   0.00   0.00   0.00   0.00   0.00   0.00   0.00   0.00   0.00   0.00   0.00   0.00   0.00  -0.00   0.00  -0.00   0.00   0.00   1.00   0.00   0.00   0.00   0.00   1.00   0.00   0.00   0.00  -0.00  -0.00 |   0.00 
x28	|   0.00   0.00   0.00   0.00   0.00   0.00   0.00   0.00   0.00   0.00   0.00   0.00   0.00   0.00   0.00   0.00  -0.00   0.00  -0.00   0.00  -0.00  -0.00   1.00   0.00   0.00   0.00   0.00   1.00   0.00   0.00   0.00  -0.00 |  -0.00 
x29	|   0.00   0.00   0.00   0.00   0.00   0.00   0.00   0.00   0.00   0.00   0.00   0.00   0.00   0.00   0.00   0.00  -0.00   0.00  -0.00   0.00  -0.00  -0.00   0.00   1.00   0.00   0.00   0.00   0.00   1.00   0.00   0.00  -0.00 |  -0.00 
x20	|   0.00   0.00  -1.15   0.00   0.00   0.00   0.00   0.00   0.00   0.00   0.00   0.00   0.00   0.00   0.00   0.00  -0.00   0.00  -1.06   1.00  -0.00  -0.00   0.00   0.00   1.00   0.00   0.00   0.00   0.00   0.00   0.00  -0.00 |   0.00 
x30	|   0.00   0.00   0.00   0.00   0.00   0.00   0.00   0.00   0.00   0.00   0.00   0.00   0.00   0.00   0.00   0.00  -0.00   0.00   0.00   0.00  -0.00  -0.00   0.00   0.00   1.00   0.00   0.00   0.00   0.00   1.00   0.00  -0.00 |  -0.00 
x16	|   0.00   0.00   0.87   0.00   0.00   0.00   0.00   0.00   0.00   0.00   0.00   0.00   0.00   0.00   0.00   1.00  -0.92   0.87  -0.00   0.00   1.00  -0.00   0.87   0.00  -0.00   0.00   0.00   0.00   0.00   0.00   0.00  -0.87 | 65217.39 
x1	|   1.00   0.00  -0.87   0.00   0.00   0.00   0.00   0.00   0.00   0.00   0.00   0.00   0.00   0.00   0.00   0.00   0.92  -0.87   0.00   0.00  -0.00  -0.00  -0.87   0.00   0.00   0.00   0.00   0.00   0.00   0.00   0.00   0.87 | 34782.61 
x2	|   0.00   1.00   0.92   0.00   0.00   0.00   0.00   0.00   0.00   0.00   0.00   0.00   0.00   0.00   0.00   0.00   0.02   0.92  -0.00   0.00   1.06   1.00   0.92   0.00  -0.00   0.00   0.00   0.00   0.00   0.00  -1.00  -0.92 | 39130.43 
x4	|   0.00   0.00   1.06   1.00   0.00   0.00   0.00   0.00   0.00   0.00   0.00   0.00   0.00   0.00   0.00   0.00   0.03   0.00   1.00   0.00   1.22   1.15   1.06   1.00  -0.00   0.00   0.00   0.00   0.00   0.00  -1.15  -1.06 | 45000.00 
x12	|   0.00   0.00   0.00   0.00   0.00   0.00   0.00   0.00   0.00   0.00   0.00   1.00   0.00   0.00   0.00   0.00   0.00   0.00   0.00   0.00   0.00   0.00   0.00   0.00   0.00   0.00   0.00   0.00   0.00   0.00   1.00   0.00 | 30000.00 
x8	|   0.00   0.00  -0.00   0.00   0.00   0.00   0.00   1.00   0.00   0.00   0.00   0.00   0.00   0.00   0.00   0.00  -0.00   0.00   0.00   0.00  -0.00  -0.00  -0.00   0.00  -0.00   0.00   0.00   0.00   0.00   0.00   0.00   1.00 | 40000.00 

solution found
