input m n: input A[m][n]: input b[m]: input c[n]: 
constructing helper LP...

z	|   1.00   0.00   0.00   0.00   0.00   0.00   0.00   0.00   0.00   0.00   0.00   0.00   0.00   0.00   0.00   0.00   0.00   0.00   0.00   0.00   0.00   0.00   0.00   0.00   0.00   0.00   0.00   0.00   0.00   0.00   0.00   0.00   0.00   0.00   0.00   0.00   0.00   0.00   0.00   0.00   0.00   0.00   0.00   0.00   0.00   0.00 |   0.00 
x35	|  -1.00   0.00   1.00   1.00   1.00   1.00   0.00   0.00   0.00   0.00   0.00   0.00   0.00   0.00   0.00   0.00   0.00   0.00   0.00   0.00   0.00   0.00   0.00   0.00   0.00   0.00   0.00   0.00   0.00   0.00   0.00   0.00   0.00   0.00   0.00   1.00   0.00   0.00   0.00   0.00   0.00   0.00   0.00   0.00   0.00   0.00 | 5000.00 
x36	|  -1.00   1.00  -1.02   0.00   0.00   0.00   1.00   1.00   1.00   1.00   0.00   0.00   0.00   0.00   0.00   0.00   0.00   0.00   0.00   0.00   0.00   0.00   0.00   0.00   0.00   0.00   0.00   0.00   0.00   0.00   0.00   0.00   0.00   0.00   0.00   0.00   1.00   0.00   0.00   0.00   0.00   0.00   0.00   0.00   0.00   0.00 |   0.00 
x37	|  -1.00   1.00   0.00  -1.04   0.00   0.00  -1.02   0.00   0.00   0.00   1.00   1.00   1.00   1.00   0.00   0.00   0.00   0.00   0.00   0.00   0.00   0.00   0.00   0.00   0.00   0.00   0.00   0.00   0.00   0.00   0.00   0.00   0.00   0.00   0.00   0.00   0.00   1.00   0.00   0.00   0.00   0.00   0.00   0.00   0.00   0.00 |   0.00 
x38	|  -1.00   1.00   0.00   0.00  -1.06   0.00   0.00  -1.04   0.00   0.00  -1.02   0.00   0.00   0.00   1.00   1.00   1.00   1.00   0.00   0.00   0.00   0.00   0.00   0.00   0.00   0.00   0.00   0.00   0.00   0.00   0.00   0.00   0.00   0.00   0.00   0.00   0.00   0.00   1.00   0.00   0.00   0.00   0.00   0.00   0.00   0.00 |   0.00 
x39	|  -1.00   1.00   0.00   0.00   0.00   0.00   0.00   0.00  -1.06   0.00   0.00  -1.04   0.00   0.00  -1.02   0.00   0.00   0.00   1.00   1.00   1.00   1.00   0.00   0.00   0.00   0.00   0.00   0.00   0.00   0.00   0.00   0.00   0.00   0.00   0.00   0.00   0.00   0.00   0.00   1.00   0.00   0.00   0.00   0.00   0.00   0.00 |   0.00 
x40	|  -1.00   1.00   0.00   0.00   0.00  -1.12   0.00   0.00   0.00   0.00   0.00   0.00  -1.06   0.00   0.00  -1.04   0.00   0.00  -1.02   0.00   0.00   0.00   1.00   1.00   1.00   1.00   0.00   0.00   0.00   0.00   0.00   0.00   0.00   0.00   0.00   0.00   0.00   0.00   0.00   0.00   1.00   0.00   0.00   0.00   0.00   0.00 |   0.00 
x41	|  -1.00   1.00   0.00   0.00   0.00   0.00   0.00   0.00   0.00  -1.12   0.00   0.00   0.00   0.00   0.00   0.00  -1.06   0.00   0.00  -1.04   0.00   0.00  -1.02   0.00   0.00   0.00   1.00   1.00   1.00   0.00   0.00   0.00   0.00   0.00   0.00   0.00   0.00   0.00   0.00   0.00   0.00   1.00   0.00   0.00   0.00   0.00 |   0.00 
x42	|  -1.00   1.00   0.00   0.00   0.00   0.00   0.00   0.00   0.00   0.00   0.00   0.00   0.00  -1.12   0.00   0.00   0.00   0.00   0.00   0.00  -1.06   0.00   0.00  -1.04   0.00   0.00  -1.02   0.00   0.00   1.00   1.00   1.00   0.00   0.00   0.00   0.00   0.00   0.00   0.00   0.00   0.00   0.00   1.00   0.00   0.00   0.00 |   0.00 
x43	|  -1.00   1.00   0.00   0.00   0.00   0.00   0.00   0.00   0.00   0.00   0.00   0.00   0.00   0.00   0.00   0.00   0.00  -1.12   0.00   0.00   0.00   0.00   0.00   0.00  -1.06   0.00   0.00  -1.04   0.00  -1.02   0.00   0.00   1.00   1.00   0.00   0.00   0.00   0.00   0.00   0.00   0.00   0.00   0.00   1.00   0.00   0.00 |   0.00 
x44	|  -1.00   1.00   0.00   0.00   0.00   0.00   0.00   0.00   0.00   0.00   0.00   0.00   0.00   0.00   0.00   0.00   0.00   0.00   0.00   0.00   0.00  -1.12   0.00   0.00   0.00   0.00   0.00   0.00  -1.06   0.00  -1.04   0.00  -1.02   0.00   1.00   0.00   0.00   0.00   0.00   0.00   0.00   0.00   0.00   0.00   1.00   0.00 |   0.00 
x45	|  -1.00   1.00   0.00   0.00   0.00   0.00   0.00   0.00   0.00   0.00   0.00   0.00   0.00   0.00   0.00   0.00   0.00   0.00   0.00   0.00   0.00   0.00   0.00   0.00   0.00  -1.12   0.00   0.00   0.00   0.00   0.00  -1.06   0.00  -1.04  -1.02   0.00   0.00   0.00   0.00   0.00   0.00   0.00   0.00   0.00   0.00   1.00 | -5000.00 

z	|   0.00   1.00   0.00   0.00   0.00   0.00   0.00   0.00   0.00   0.00   0.00   0.00   0.00   0.00   0.00   0.00   0.00   0.00   0.00   0.00   0.00   0.00   0.00   0.00   0.00  -1.12   0.00   0.00   0.00   0.00   0.00  -1.06   0.00  -1.04  -1.02   0.00   0.00   0.00   0.00   0.00   0.00   0.00   0.00   0.00   0.00   1.00 | -5000.00 
x35	|   0.00  -1.00   1.00   1.00   1.00   1.00   0.00   0.00   0.00   0.00   0.00   0.00   0.00   0.00   0.00   0.00   0.00   0.00   0.00   0.00   0.00   0.00   0.00   0.00   0.00   1.12   0.00   0.00   0.00   0.00   0.00   1.06   0.00   1.04   1.02   1.00   0.00   0.00   0.00   0.00   0.00   0.00   0.00   0.00   0.00  -1.00 | 10000.00 
x36	|   0.00   0.00  -1.02   0.00   0.00   0.00   1.00   1.00   1.00   1.00   0.00   0.00   0.00   0.00   0.00   0.00   0.00   0.00   0.00   0.00   0.00   0.00   0.00   0.00   0.00   1.12   0.00   0.00   0.00   0.00   0.00   1.06   0.00   1.04   1.02   0.00   1.00   0.00   0.00   0.00   0.00   0.00   0.00   0.00   0.00  -1.00 | 5000.00 
x37	|   0.00   0.00   0.00  -1.04   0.00   0.00  -1.02   0.00   0.00   0.00   1.00   1.00   1.00   1.00   0.00   0.00   0.00   0.00   0.00   0.00   0.00   0.00   0.00   0.00   0.00   1.12   0.00   0.00   0.00   0.00   0.00   1.06   0.00   1.04   1.02   0.00   0.00   1.00   0.00   0.00   0.00   0.00   0.00   0.00   0.00  -1.00 | 5000.00 
x38	|   0.00   0.00   0.00   0.00  -1.06   0.00   0.00  -1.04   0.00   0.00  -1.02   0.00   0.00   0.00   1.00   1.00   1.00   1.00   0.00   0.00   0.00   0.00   0.00   0.00   0.00   1.12   0.00   0.00   0.00   0.00   0.00   1.06   0.00   1.04   1.02   0.00   0.00   0.00   1.00   0.00   0.00   0.00   0.00   0.00   0.00  -1.00 | 5000.00 
x39	|   0.00   0.00   0.00   0.00   0.00   0.00   0.00   0.00  -1.06   0.00   0.00  -1.04   0.00   0.00  -1.02   0.00   0.00   0.00   1.00   1.00   1.00   1.00   0.00   0.00   0.00   1.12   0.00   0.00   0.00   0.00   0.00   1.06   0.00   1.04   1.02   0.00   0.00   0.00   0.00   1.00   0.00   0.00   0.00   0.00   0.00  -1.00 | 5000.00 
x40	|   0.00   0.00   0.00   0.00   0.00  -1.12   0.00   0.00   0.00   0.00   0.00   0.00  -1.06   0.00   0.00  -1.04   0.00   0.00  -1.02   0.00   0.00   0.00   1.00   1.00   1.00   2.12   0.00   0.00   0.00   0.00   0.00   1.06   0.00   1.04   1.02   0.00   0.00   0.00   0.00   0.00   1.00   0.00   0.00   0.00   0.00  -1.00 | 5000.00 
x41	|   0.00   0.00   0.00   0.00   0.00   0.00   0.00   0.00   0.00  -1.12   0.00   0.00   0.00   0.00   0.00   0.00  -1.06   0.00   0.00  -1.04   0.00   0.00  -1.02   0.00   0.00   1.12   1.00   1.00   1.00   0.00   0.00   1.06   0.00   1.04   1.02   0.00   0.00   0.00   0.00   0.00   0.00   1.00   0.00   0.00   0.00  -1.00 | 5000.00 
x42	|   0.00   0.00   0.00   0.00   0.00   0.00   0.00   0.00   0.00   0.00   0.00   0.00   0.00  -1.12   0.00   0.00   0.00   0.00   0.00   0.00  -1.06   0.00   0.00  -1.04   0.00   1.12  -1.02   0.00   0.00   1.00   1.00   2.06   0.00   1.04   1.02   0.00   0.00   0.00   0.00   0.00   0.00   0.00   1.00   0.00   0.00  -1.00 | 5000.00 
x43	|   0.00   0.00   0.00   0.00   0.00   0.00   0.00   0.00   0.00   0.00   0.00   0.00   0.00   0.00   0.00   0.00   0.00  -1.12   0.00   0.00   0.00   0.00   0.00   0.00  -1.06   1.12   0.00  -1.04   0.00  -1.02   0.00   1.06   1.00   2.04   1.02   0.00   0.00   0.00   0.00   0.00   0.00   0.00   0.00   1.00   0.00  -1.00 | 5000.00 
x44	|   0.00   0.00   0.00   0.00   0.00   0.00   0.00   0.00   0.00   0.00   0.00   0.00   0.00   0.00   0.00   0.00   0.00   0.00   0.00   0.00   0.00  -1.12   0.00   0.00   0.00   1.12   0.00   0.00  -1.06   0.00  -1.04   1.06  -1.02   1.04   2.02   0.00   0.00   0.00   0.00   0.00   0.00   0.00   0.00   0.00   1.00  -1.00 | 5000.00 
x0	|   1.00  -1.00  -0.00  -0.00  -0.00  -0.00  -0.00  -0.00  -0.00  -0.00  -0.00  -0.00  -0.00  -0.00  -0.00  -0.00  -0.00  -0.00  -0.00  -0.00  -0.00  -0.00  -0.00  -0.00  -0.00   1.12  -0.00  -0.00  -0.00  -0.00  -0.00   1.06  -0.00   1.04   1.02  -0.00  -0.00  -0.00  -0.00  -0.00  -0.00  -0.00  -0.00  -0.00  -0.00  -1.00 | 5000.00 

z	|   0.00   1.00   0.00   0.00   0.00  -0.59   0.00   0.00   0.00   0.00   0.00   0.00  -0.56   0.00   0.00  -0.55   0.00   0.00  -0.54   0.00   0.00   0.00   0.53   0.53   0.53   0.00   0.00   0.00   0.00   0.00   0.00  -0.50   0.00  -0.49  -0.48   0.00   0.00   0.00   0.00   0.00   0.53   0.00   0.00   0.00   0.00   0.47 | -2363.84 
x35	|   0.00  -1.00   1.00   1.00   1.00   1.59   0.00   0.00   0.00   0.00   0.00   0.00   0.56   0.00   0.00   0.55   0.00   0.00   0.54   0.00   0.00   0.00  -0.53  -0.53  -0.53   0.00   0.00   0.00   0.00   0.00   0.00   0.50   0.00   0.49   0.48   1.00   0.00   0.00   0.00   0.00  -0.53   0.00   0.00   0.00   0.00  -0.47 | 7363.84 
x36	|   0.00   0.00  -1.02   0.00   0.00   0.59   1.00   1.00   1.00   1.00   0.00   0.00   0.56   0.00   0.00   0.55   0.00   0.00   0.54   0.00   0.00   0.00  -0.53  -0.53  -0.53   0.00   0.00   0.00   0.00   0.00   0.00   0.50   0.00   0.49   0.48   0.00   1.00   0.00   0.00   0.00  -0.53   0.00   0.00   0.00   0.00  -0.47 | 2363.84 
x37	|   0.00   0.00   0.00  -1.04   0.00   0.59  -1.02   0.00   0.00   0.00   1.00   1.00   1.56   1.00   0.00   0.55   0.00   0.00   0.54   0.00   0.00   0.00  -0.53  -0.53  -0.53   0.00   0.00   0.00   0.00   0.00   0.00   0.50   0.00   0.49   0.48   0.00   0.00   1.00   0.00   0.00  -0.53   0.00   0.00   0.00   0.00  -0.47 | 2363.84 
x38	|   0.00   0.00   0.00   0.00  -1.06   0.59   0.00  -1.04   0.00   0.00  -1.02   0.00   0.56   0.00   1.00   1.55   1.00   1.00   0.54   0.00   0.00   0.00  -0.53  -0.53  -0.53   0.00   0.00   0.00   0.00   0.00   0.00   0.50   0.00   0.49   0.48   0.00   0.00   0.00   1.00   0.00  -0.53   0.00   0.00   0.00   0.00  -0.47 | 2363.84 
x39	|   0.00   0.00   0.00   0.00   0.00   0.59   0.00   0.00  -1.06   0.00   0.00  -1.04   0.56   0.00  -1.02   0.55   0.00   0.00   1.54   1.00   1.00   1.00  -0.53  -0.53  -0.53   0.00   0.00   0.00   0.00   0.00   0.00   0.50   0.00   0.49   0.48   0.00   0.00   0.00   0.00   1.00  -0.53   0.00   0.00   0.00   0.00  -0.47 | 2363.84 
x25	|   0.00   0.00   0.00   0.00   0.00  -0.53   0.00   0.00   0.00   0.00   0.00   0.00  -0.50   0.00   0.00  -0.49   0.00   0.00  -0.48   0.00   0.00   0.00   0.47   0.47   0.47   1.00   0.00   0.00   0.00   0.00   0.00   0.50   0.00   0.49   0.48   0.00   0.00   0.00   0.00   0.00   0.47   0.00   0.00   0.00   0.00  -0.47 | 2363.84 
x41	|   0.00   0.00   0.00   0.00   0.00   0.59   0.00   0.00   0.00  -1.12   0.00   0.00   0.56   0.00   0.00   0.55  -1.06   0.00   0.54  -1.04   0.00   0.00  -1.55  -0.53  -0.53   0.00   1.00   1.00   1.00   0.00   0.00   0.50   0.00   0.49   0.48   0.00   0.00   0.00   0.00   0.00  -0.53   1.00   0.00   0.00   0.00  -0.47 | 2363.84 
x42	|   0.00   0.00   0.00   0.00   0.00   0.59   0.00   0.00   0.00   0.00   0.00   0.00   0.56  -1.12   0.00   0.55   0.00   0.00   0.54   0.00  -1.06   0.00  -0.53  -1.57  -0.53   0.00  -1.02   0.00   0.00   1.00   1.00   1.50   0.00   0.49   0.48   0.00   0.00   0.00   0.00   0.00  -0.53   0.00   1.00   0.00   0.00  -0.47 | 2363.84 
x43	|   0.00   0.00   0.00   0.00   0.00   0.59   0.00   0.00   0.00   0.00   0.00   0.00   0.56   0.00   0.00   0.55   0.00  -1.12   0.54   0.00   0.00   0.00  -0.53  -0.53  -1.59   0.00   0.00  -1.04   0.00  -1.02   0.00   0.50   1.00   1.49   0.48   0.00   0.00   0.00   0.00   0.00  -0.53   0.00   0.00   1.00   0.00  -0.47 | 2363.84 
x44	|   0.00   0.00   0.00   0.00   0.00   0.59   0.00   0.00   0.00   0.00   0.00   0.00   0.56   0.00   0.00   0.55   0.00   0.00   0.54   0.00   0.00  -1.12  -0.53  -0.53  -0.53   0.00   0.00   0.00  -1.06   0.00  -1.04   0.50  -1.02   0.49   1.48   0.00   0.00   0.00   0.00   0.00  -0.53   0.00   0.00   0.00   1.00  -0.47 | 2363.84 
x0	|   1.00  -1.00  -0.00  -0.00  -0.00   0.59  -0.00  -0.00  -0.00  -0.00  -0.00  -0.00   0.56  -0.00  -0.00   0.55  -0.00  -0.00   0.54  -0.00  -0.00  -0.00  -0.53  -0.53  -0.53   0.00  -0.00  -0.00  -0.00  -0.00  -0.00   0.50  -0.00   0.49   0.48  -0.00  -0.00  -0.00  -0.00  -0.00  -0.53  -0.00  -0.00  -0.00  -0.00  -0.47 | 2363.84 

z	|   0.00   1.00  -1.02   0.00   0.00   0.00   1.00   1.00   1.00   1.00   0.00   0.00   0.00   0.00   0.00   0.00   0.00   0.00   0.00   0.00   0.00   0.00   0.00   0.00   0.00   0.00   0.00   0.00   0.00   0.00   0.00   0.00   0.00   0.00   0.00   0.00   1.00   0.00   0.00   0.00   0.00   0.00   0.00   0.00   0.00   0.00 |   0.00 
x35	|   0.00  -1.00   3.75   1.00   1.00   0.00  -2.70  -2.70  -2.70  -2.70   0.00   0.00  -0.95   0.00   0.00  -0.93   0.00   0.00  -0.91   0.00   0.00   0.00   0.90   0.90   0.90   0.00   0.00   0.00   0.00   0.00   0.00  -0.86   0.00  -0.84  -0.82   1.00  -2.70   0.00   0.00   0.00   0.90   0.00   0.00   0.00   0.00   0.80 | 979.64 
x5	|   0.00   0.00  -1.73   0.00   0.00   1.00   1.70   1.70   1.70   1.70   0.00   0.00   0.95   0.00   0.00   0.93   0.00   0.00   0.91   0.00   0.00   0.00  -0.90  -0.90  -0.90   0.00   0.00   0.00   0.00   0.00   0.00   0.86   0.00   0.84   0.82   0.00   1.70   0.00   0.00   0.00  -0.90   0.00   0.00   0.00   0.00  -0.80 | 4020.36 
x37	|   0.00   0.00   1.02  -1.04   0.00   0.00  -2.02  -1.00  -1.00  -1.00   1.00   1.00   1.00   1.00   0.00   0.00   0.00   0.00   0.00   0.00   0.00   0.00   0.00   0.00   0.00   0.00   0.00   0.00   0.00   0.00   0.00   0.00   0.00   0.00   0.00   0.00  -1.00   1.00   0.00   0.00   0.00   0.00   0.00   0.00   0.00   0.00 |   0.00 
x38	|   0.00   0.00   1.02   0.00  -1.06   0.00  -1.00  -2.04  -1.00  -1.00  -1.02   0.00   0.00   0.00   1.00   1.00   1.00   1.00   0.00   0.00   0.00   0.00   0.00   0.00   0.00   0.00   0.00   0.00   0.00   0.00   0.00   0.00   0.00   0.00   0.00   0.00  -1.00   0.00   1.00   0.00   0.00   0.00   0.00   0.00   0.00   0.00 |   0.00 
x39	|   0.00   0.00   1.02   0.00   0.00   0.00  -1.00  -1.00  -2.06  -1.00   0.00  -1.04   0.00   0.00  -1.02   0.00   0.00   0.00   1.00   1.00   1.00   1.00   0.00   0.00   0.00   0.00   0.00   0.00   0.00   0.00   0.00   0.00   0.00   0.00   0.00   0.00  -1.00   0.00   0.00   1.00   0.00   0.00   0.00   0.00   0.00   0.00 |   0.00 
x25	|   0.00   0.00  -0.91   0.00   0.00   0.00   0.90   0.90   0.90   0.90   0.00   0.00   0.00   0.00   0.00   0.00   0.00   0.00  -0.00   0.00   0.00   0.00   0.00   0.00   0.00   1.00   0.00   0.00   0.00   0.00   0.00   0.95   0.00   0.93   0.91   0.00   0.90   0.00   0.00   0.00   0.00   0.00   0.00   0.00   0.00  -0.90 | 4483.50 
x41	|   0.00   0.00   1.02   0.00   0.00   0.00  -1.00  -1.00  -1.00  -2.12   0.00   0.00   0.00   0.00   0.00   0.00  -1.06   0.00   0.00  -1.04   0.00   0.00  -1.02   0.00   0.00   0.00   1.00   1.00   1.00   0.00   0.00   0.00   0.00   0.00   0.00   0.00  -1.00   0.00   0.00   0.00   0.00   1.00   0.00   0.00   0.00   0.00 |   0.00 
x42	|   0.00   0.00   1.02   0.00   0.00   0.00  -1.00  -1.00  -1.00  -1.00   0.00   0.00   0.00  -1.12   0.00   0.00   0.00   0.00   0.00   0.00  -1.06   0.00   0.00  -1.04   0.00   0.00  -1.02   0.00   0.00   1.00   1.00   1.00   0.00   0.00   0.00   0.00  -1.00   0.00   0.00   0.00   0.00   0.00   1.00   0.00   0.00   0.00 |   0.00 
x43	|   0.00   0.00   1.02   0.00   0.00   0.00  -1.00  -1.00  -1.00  -1.00   0.00   0.00   0.00   0.00   0.00   0.00   0.00  -1.12   0.00   0.00   0.00   0.00   0.00   0.00  -1.06   0.00   0.00  -1.04   0.00  -1.02   0.00   0.00   1.00   1.00   0.00   0.00  -1.00   0.00   0.00   0.00   0.00   0.00   0.00   1.00   0.00   0.00 |   0.00 
x44	|   0.00   0.00   1.02   0.00   0.00   0.00  -1.00  -1.00  -1.00  -1.00   0.00   0.00   0.00   0.00   0.00   0.00   0.00   0.00   0.00   0.00   0.00  -1.12   0.00   0.00   0.00   0.00   0.00   0.00  -1.06   0.00  -1.04   0.00  -1.02   0.00   1.00   0.00  -1.00   0.00   0.00   0.00   0.00   0.00   0.00   0.00   1.00   0.00 |   0.00 
x0	|   1.00  -1.00   1.02  -0.00  -0.00   0.00  -1.00  -1.00  -1.00  -1.00  -0.00  -0.00   0.00  -0.00  -0.00   0.00  -0.00  -0.00   0.00  -0.00  -0.00  -0.00   0.00   0.00   0.00   0.00  -0.00  -0.00  -0.00  -0.00  -0.00   0.00  -0.00   0.00   0.00  -0.00  -1.00  -0.00  -0.00  -0.00   0.00  -0.00  -0.00  -0.00  -0.00   0.00 |   0.00 

z	|   0.00   1.00   0.00  -1.04   0.00   0.00  -1.02   0.00   0.00   0.00   1.00   1.00   1.00   1.00   0.00   0.00   0.00   0.00   0.00   0.00   0.00   0.00   0.00   0.00   0.00   0.00   0.00   0.00   0.00   0.00   0.00   0.00   0.00   0.00   0.00   0.00   0.00   1.00   0.00   0.00   0.00   0.00   0.00   0.00   0.00   0.00 |   0.00 
x35	|   0.00  -1.00   0.00   4.83   1.00   0.00   4.73   0.98   0.98   0.98  -3.68  -3.68  -4.64  -3.68   0.00  -0.93   0.00   0.00  -0.91   0.00   0.00   0.00   0.90   0.90   0.90   0.00   0.00   0.00   0.00   0.00   0.00  -0.86   0.00  -0.84  -0.82   1.00   0.98  -3.68   0.00   0.00   0.90   0.00   0.00   0.00   0.00   0.80 | 979.64 
x5	|   0.00   0.00   0.00  -1.77   0.00   1.00  -1.73  -0.00  -0.00  -0.00   1.70   1.70   2.66   1.70   0.00   0.93   0.00   0.00   0.91   0.00   0.00   0.00  -0.90  -0.90  -0.90   0.00   0.00   0.00   0.00   0.00   0.00   0.86   0.00   0.84   0.82   0.00  -0.00   1.70   0.00   0.00  -0.90   0.00   0.00   0.00   0.00  -0.80 | 4020.36 
x2	|   0.00   0.00   1.00  -1.02   0.00   0.00  -1.98  -0.98  -0.98  -0.98   0.98   0.98   0.98   0.98   0.00   0.00   0.00   0.00   0.00   0.00   0.00   0.00   0.00   0.00   0.00   0.00   0.00   0.00   0.00   0.00   0.00   0.00   0.00   0.00   0.00   0.00  -0.98   0.98   0.00   0.00   0.00   0.00   0.00   0.00   0.00   0.00 |   0.00 
x38	|   0.00   0.00   0.00   1.04  -1.06   0.00   1.02  -1.04   0.00   0.00  -2.02  -1.00  -1.00  -1.00   1.00   1.00   1.00   1.00   0.00   0.00   0.00   0.00   0.00   0.00   0.00   0.00   0.00   0.00   0.00   0.00   0.00   0.00   0.00   0.00   0.00   0.00   0.00  -1.00   1.00   0.00   0.00   0.00   0.00   0.00   0.00   0.00 |   0.00 
x39	|   0.00   0.00   0.00   1.04   0.00   0.00   1.02   0.00  -1.06   0.00  -1.00  -2.04  -1.00  -1.00  -1.02   0.00   0.00   0.00   1.00   1.00   1.00   1.00   0.00   0.00   0.00   0.00   0.00   0.00   0.00   0.00   0.00   0.00   0.00   0.00   0.00   0.00   0.00  -1.00   0.00   1.00   0.00   0.00   0.00   0.00   0.00   0.00 |   0.00 
x25	|   0.00   0.00   0.00  -0.93   0.00   0.00  -0.91  -0.00  -0.00  -0.00   0.90   0.90   0.90   0.90   0.00   0.00   0.00   0.00  -0.00   0.00   0.00   0.00   0.00   0.00   0.00   1.00   0.00   0.00   0.00   0.00   0.00   0.95   0.00   0.93   0.91   0.00  -0.00   0.90   0.00   0.00   0.00   0.00   0.00   0.00   0.00  -0.90 | 4483.50 
x41	|   0.00   0.00   0.00   1.04   0.00   0.00   1.02   0.00   0.00  -1.12  -1.00  -1.00  -1.00  -1.00   0.00   0.00  -1.06   0.00   0.00  -1.04   0.00   0.00  -1.02   0.00   0.00   0.00   1.00   1.00   1.00   0.00   0.00   0.00   0.00   0.00   0.00   0.00   0.00  -1.00   0.00   0.00   0.00   1.00   0.00   0.00   0.00   0.00 |   0.00 
x42	|   0.00   0.00   0.00   1.04   0.00   0.00   1.02   0.00   0.00   0.00  -1.00  -1.00  -1.00  -2.12   0.00   0.00   0.00   0.00   0.00   0.00  -1.06   0.00   0.00  -1.04   0.00   0.00  -1.02   0.00   0.00   1.00   1.00   1.00   0.00   0.00   0.00   0.00   0.00  -1.00   0.00   0.00   0.00   0.00   1.00   0.00   0.00   0.00 |   0.00 
x43	|   0.00   0.00   0.00   1.04   0.00   0.00   1.02   0.00   0.00   0.00  -1.00  -1.00  -1.00  -1.00   0.00   0.00   0.00  -1.12   0.00   0.00   0.00   0.00   0.00   0.00  -1.06   0.00   0.00  -1.04   0.00  -1.02   0.00   0.00   1.00   1.00   0.00   0.00   0.00  -1.00   0.00   0.00   0.00   0.00   0.00   1.00   0.00   0.00 |   0.00 
x44	|   0.00   0.00   0.00   1.04   0.00   0.00   1.02   0.00   0.00   0.00  -1.00  -1.00  -1.00  -1.00   0.00   0.00   0.00   0.00   0.00   0.00   0.00  -1.12   0.00   0.00   0.00   0.00   0.00   0.00  -1.06   0.00  -1.04   0.00  -1.02   0.00   1.00   0.00   0.00  -1.00   0.00   0.00   0.00   0.00   0.00   0.00   1.00   0.00 |   0.00 
x0	|   1.00  -1.00   0.00   1.04  -0.00   0.00   1.02   0.00   0.00   0.00  -1.00  -1.00  -1.00  -1.00  -0.00   0.00  -0.00  -0.00   0.00  -0.00  -0.00  -0.00   0.00   0.00   0.00   0.00  -0.00  -0.00  -0.00  -0.00  -0.00   0.00  -0.00   0.00   0.00  -0.00   0.00  -1.00  -0.00  -0.00   0.00  -0.00  -0.00  -0.00  -0.00   0.00 |   0.00 

z	|   0.00   1.00   0.00   0.00  -1.06   0.00   0.00  -1.04   0.00   0.00  -1.02   0.00   0.00   0.00   1.00   1.00   1.00   1.00   0.00   0.00   0.00   0.00   0.00   0.00   0.00   0.00   0.00   0.00   0.00   0.00   0.00   0.00   0.00   0.00   0.00   0.00   0.00   0.00   1.00   0.00   0.00   0.00   0.00   0.00   0.00   0.00 |   0.00 
x35	|   0.00  -1.00   0.00   0.00   5.95   0.00   0.00   5.81   0.98   0.98   5.69   0.96   0.01   0.96  -4.65  -5.58  -4.65  -4.65  -0.91   0.00   0.00   0.00   0.90   0.90   0.90   0.00   0.00   0.00   0.00   0.00   0.00  -0.86   0.00  -0.84  -0.82   1.00   0.98   0.96  -4.65   0.00   0.90   0.00   0.00   0.00   0.00   0.80 | 979.64 
x5	|   0.00   0.00   0.00   0.00  -1.81   1.00   0.00  -1.77  -0.00  -0.00  -1.73   0.00   0.95   0.00   1.70   2.63   1.70   1.70   0.91   0.00   0.00   0.00  -0.90  -0.90  -0.90   0.00   0.00   0.00   0.00   0.00   0.00   0.86   0.00   0.84   0.82   0.00  -0.00   0.00   1.70   0.00  -0.90   0.00   0.00   0.00   0.00  -0.80 | 4020.36 
x2	|   0.00   0.00   1.00   0.00  -1.05   0.00  -0.98  -2.00  -0.98  -0.98  -1.00   0.00   0.00   0.00   0.98   0.98   0.98   0.98   0.00   0.00   0.00   0.00   0.00   0.00   0.00   0.00   0.00   0.00   0.00   0.00   0.00   0.00   0.00   0.00   0.00   0.00  -0.98   0.00   0.98   0.00   0.00   0.00   0.00   0.00   0.00   0.00 |   0.00 
x3	|   0.00   0.00   0.00   1.00  -1.02   0.00   0.98  -1.00   0.00   0.00  -1.94  -0.96  -0.96  -0.96   0.96   0.96   0.96   0.96   0.00   0.00   0.00   0.00   0.00   0.00   0.00   0.00   0.00   0.00   0.00   0.00   0.00   0.00   0.00   0.00   0.00   0.00   0.00  -0.96   0.96   0.00   0.00   0.00   0.00   0.00   0.00   0.00 |   0.00 
x39	|   0.00   0.00   0.00   0.00   1.06   0.00   0.00   1.04  -1.06   0.00   1.02  -1.04   0.00   0.00  -2.02  -1.00  -1.00  -1.00   1.00   1.00   1.00   1.00   0.00   0.00   0.00   0.00   0.00   0.00   0.00   0.00   0.00   0.00   0.00   0.00   0.00   0.00   0.00   0.00  -1.00   1.00   0.00   0.00   0.00   0.00   0.00   0.00 |   0.00 
x25	|   0.00   0.00   0.00   0.00  -0.95   0.00   0.00  -0.93  -0.00  -0.00  -0.91   0.00   0.00   0.00   0.90   0.90   0.90   0.90  -0.00   0.00   0.00   0.00   0.00   0.00   0.00   1.00   0.00   0.00   0.00   0.00   0.00   0.95   0.00   0.93   0.91   0.00  -0.00   0.00   0.90   0.00   0.00   0.00   0.00   0.00   0.00  -0.90 | 4483.50 
x41	|   0.00   0.00   0.00   0.00   1.06   0.00   0.00   1.04   0.00  -1.12   1.02   0.00   0.00   0.00  -1.00  -1.00  -2.06  -1.00   0.00  -1.04   0.00   0.00  -1.02   0.00   0.00   0.00   1.00   1.00   1.00   0.00   0.00   0.00   0.00   0.00   0.00   0.00   0.00   0.00  -1.00   0.00   0.00   1.00   0.00   0.00   0.00   0.00 |   0.00 
x42	|   0.00   0.00   0.00   0.00   1.06   0.00   0.00   1.04   0.00   0.00   1.02   0.00   0.00  -1.12  -1.00  -1.00  -1.00  -1.00   0.00   0.00  -1.06   0.00   0.00  -1.04   0.00   0.00  -1.02   0.00   0.00   1.00   1.00   1.00   0.00   0.00   0.00   0.00   0.00   0.00  -1.00   0.00   0.00   0.00   1.00   0.00   0.00   0.00 |   0.00 
x43	|   0.00   0.00   0.00   0.00   1.06   0.00   0.00   1.04   0.00   0.00   1.02   0.00   0.00   0.00  -1.00  -1.00  -1.00  -2.12   0.00   0.00   0.00   0.00   0.00   0.00  -1.06   0.00   0.00  -1.04   0.00  -1.02   0.00   0.00   1.00   1.00   0.00   0.00   0.00   0.00  -1.00   0.00   0.00   0.00   0.00   1.00   0.00   0.00 |   0.00 
x44	|   0.00   0.00   0.00   0.00   1.06   0.00   0.00   1.04   0.00   0.00   1.02   0.00   0.00   0.00  -1.00  -1.00  -1.00  -1.00   0.00   0.00   0.00  -1.12   0.00   0.00   0.00   0.00   0.00   0.00  -1.06   0.00  -1.04   0.00  -1.02   0.00   1.00   0.00   0.00   0.00  -1.00   0.00   0.00   0.00   0.00   0.00   1.00   0.00 |   0.00 
x0	|   1.00  -1.00   0.00   0.00   1.06   0.00   0.00   1.04   0.00   0.00   1.02   0.00   0.00   0.00  -1.00  -1.00  -1.00  -1.00   0.00  -0.00  -0.00  -0.00   0.00   0.00   0.00   0.00  -0.00  -0.00  -0.00  -0.00  -0.00   0.00  -0.00   0.00   0.00  -0.00   0.00   0.00  -1.00  -0.00   0.00  -0.00  -0.00  -0.00  -0.00   0.00 |   0.00 

z	|   0.00   1.00   0.00   0.00   0.00   0.00   0.00   0.00  -1.06   0.00   0.00  -1.04   0.00   0.00  -1.02   0.00   0.00   0.00   1.00   1.00   1.00   1.00   0.00   0.00   0.00   0.00   0.00   0.00   0.00   0.00   0.00   0.00   0.00   0.00   0.00   0.00   0.00   0.00   0.00   1.00   0.00   0.00   0.00   0.00   0.00   0.00 |   0.00 
x35	|   0.00  -1.00   0.00   0.00   0.00   0.00   0.00   0.01   6.93   0.98   0.01   6.76   0.01   0.96   6.62   0.01   0.94   0.94  -6.50  -5.58  -5.58  -5.58   0.90   0.90   0.90   0.00   0.00   0.00   0.00   0.00   0.00  -0.86   0.00  -0.84  -0.82   1.00   0.98   0.96   0.94  -5.58   0.90   0.00   0.00   0.00   0.00   0.80 | 979.64 
x5	|   0.00   0.00   0.00   0.00   0.00   1.00   0.00  -0.00  -1.81  -0.00   0.00  -1.77   0.95   0.00  -1.73   0.93   0.00   0.00   2.61   1.70   1.70   1.70  -0.90  -0.90  -0.90   0.00   0.00   0.00   0.00   0.00   0.00   0.86   0.00   0.84   0.82   0.00  -0.00   0.00   0.00   1.70  -0.90   0.00   0.00   0.00   0.00  -0.80 | 4020.36 
x2	|   0.00   0.00   1.00   0.00   0.00   0.00  -0.98  -0.98  -2.03  -0.98   0.00  -1.02   0.00   0.00  -1.00   0.00   0.00   0.00   0.98   0.98   0.98   0.98   0.00   0.00   0.00   0.00   0.00   0.00   0.00   0.00   0.00   0.00   0.00   0.00   0.00   0.00  -0.98   0.00   0.00   0.98   0.00   0.00   0.00   0.00   0.00   0.00 |   0.00 
x3	|   0.00   0.00   0.00   1.00   0.00   0.00   0.98   0.00  -1.02   0.00  -0.96  -1.96  -0.96  -0.96  -0.98   0.00   0.00   0.00   0.96   0.96   0.96   0.96   0.00   0.00   0.00   0.00   0.00   0.00   0.00   0.00   0.00   0.00   0.00   0.00   0.00   0.00   0.00  -0.96   0.00   0.96   0.00   0.00   0.00   0.00   0.00   0.00 |   0.00 
x4	|   0.00   0.00   0.00   0.00   1.00   0.00   0.00   0.98  -1.00   0.00   0.96  -0.98   0.00   0.00  -1.90  -0.94  -0.94  -0.94   0.94   0.94   0.94   0.94   0.00   0.00   0.00   0.00   0.00   0.00   0.00   0.00   0.00   0.00   0.00   0.00   0.00   0.00   0.00   0.00  -0.94   0.94   0.00   0.00   0.00   0.00   0.00   0.00 |   0.00 
x25	|   0.00   0.00   0.00   0.00   0.00   0.00   0.00  -0.00  -0.95  -0.00   0.00  -0.93   0.00   0.00  -0.91   0.00   0.00   0.00   0.90   0.90   0.90   0.90   0.00   0.00   0.00   1.00   0.00   0.00   0.00   0.00   0.00   0.95   0.00   0.93   0.91   0.00  -0.00   0.00   0.00   0.90   0.00   0.00   0.00   0.00   0.00  -0.90 | 4483.50 
x41	|   0.00   0.00   0.00   0.00   0.00   0.00   0.00   0.00   1.06  -1.12   0.00   1.04   0.00   0.00   1.02   0.00  -1.06   0.00  -1.00  -2.04  -1.00  -1.00  -1.02   0.00   0.00   0.00   1.00   1.00   1.00   0.00   0.00   0.00   0.00   0.00   0.00   0.00   0.00   0.00   0.00  -1.00   0.00   1.00   0.00   0.00   0.00   0.00 |   0.00 
x42	|   0.00   0.00   0.00   0.00   0.00   0.00   0.00   0.00   1.06   0.00   0.00   1.04   0.00  -1.12   1.02   0.00   0.00   0.00  -1.00  -1.00  -2.06  -1.00   0.00  -1.04   0.00   0.00  -1.02   0.00   0.00   1.00   1.00   1.00   0.00   0.00   0.00   0.00   0.00   0.00   0.00  -1.00   0.00   0.00   1.00   0.00   0.00   0.00 |   0.00 
x43	|   0.00   0.00   0.00   0.00   0.00   0.00   0.00   0.00   1.06   0.00   0.00   1.04   0.00   0.00   1.02   0.00   0.00  -1.12  -1.00  -1.00  -1.00  -1.00   0.00   0.00  -1.06   0.00   0.00  -1.04   0.00  -1.02   0.00   0.00   1.00   1.00   0.00   0.00   0.00   0.00   0.00  -1.00   0.00   0.00   0.00   1.00   0.00   0.00 |   0.00 
x44	|   0.00   0.00   0.00   0.00   0.00   0.00   0.00   0.00   1.06   0.00   0.00   1.04   0.00   0.00   1.02   0.00   0.00   0.00  -1.00  -1.00  -1.00  -2.12   0.00   0.00   0.00   0.00   0.00   0.00  -1.06   0.00  -1.04   0.00  -1.02   0.00   1.00   0.00   0.00   0.00   0.00  -1.00   0.00   0.00   0.00   0.00   1.00   0.00 |   0.00 
x0	|   1.00  -1.00   0.00   0.00   0.00   0.00   0.00   0.00   1.06   0.00   0.00   1.04   0.00   0.00   1.02   0.00   0.00   0.00  -1.00  -1.00  -1.00  -1.00   0.00   0.00   0.00   0.00  -0.00  -0.00  -0.00  -0.00  -0.00   0.00  -0.00   0.00   0.00  -0.00   0.00   0.00   0.00  -1.00   0.00  -0.00  -0.00  -0.00  -0.00   0.00 |   0.00 

z	|   0.00   1.00   0.00   0.00   0.00   0.00   0.00   0.00   0.00  -1.12   0.00   0.00   0.00   0.00   0.00   0.00  -1.06   0.00   0.00  -1.04   0.00   0.00  -1.02   0.00   0.00   0.00   1.00   1.00   1.00   0.00   0.00   0.00   0.00   0.00   0.00   0.00   0.00   0.00   0.00   0.00   0.00   1.00   0.00   0.00   0.00   0.00 |   0.00 
x35	|   0.00  -1.00   0.00   0.00   0.00   0.00   0.00   0.01   0.00   8.24   0.01   0.00   0.01   0.96   0.00   0.01   7.87   0.94   0.01   7.68   0.92   0.92   7.52   0.90   0.90   0.00  -6.51  -6.51  -6.51   0.00   0.00  -0.86   0.00  -0.84  -0.82   1.00   0.98   0.96   0.94   0.92   0.90  -6.51   0.00   0.00   0.00   0.80 | 979.64 
x5	|   0.00   0.00   0.00   0.00   0.00   1.00   0.00  -0.00   0.00  -1.90   0.00   0.00   0.95   0.00   0.00   0.93  -1.81   0.00   0.91  -1.77  -0.00  -0.00  -2.63  -0.90  -0.90   0.00   1.70   1.70   1.70   0.00   0.00   0.86   0.00   0.84   0.82   0.00  -0.00   0.00   0.00  -0.00  -0.90   1.70   0.00   0.00   0.00  -0.80 | 4020.36 
x2	|   0.00   0.00   1.00   0.00   0.00   0.00  -0.98  -0.98   0.00  -3.11   0.00   0.96   0.00   0.00   0.94   0.00  -2.03   0.00  -0.92  -2.90  -0.92  -0.92  -1.94   0.00   0.00   0.00   1.90   1.90   1.90   0.00   0.00   0.00   0.00   0.00   0.00   0.00  -0.98   0.00   0.00  -0.92   0.00   1.90   0.00   0.00   0.00   0.00 |   0.00 
x3	|   0.00   0.00   0.00   1.00   0.00   0.00   0.98   0.00   0.00  -1.07  -0.96  -0.96  -0.96  -0.96  -0.00   0.00  -1.02   0.00   0.00  -1.00   0.00   0.00  -0.98   0.00   0.00   0.00   0.96   0.96   0.96   0.00   0.00   0.00   0.00   0.00   0.00   0.00   0.00  -0.96   0.00   0.00   0.00   0.96   0.00   0.00   0.00   0.00 |   0.00 
x4	|   0.00   0.00   0.00   0.00   1.00   0.00   0.00   0.98   0.00  -1.05   0.96   0.00   0.00   0.00  -0.94  -0.94  -1.94  -0.94   0.00  -0.98   0.00   0.00  -0.96   0.00   0.00   0.00   0.94   0.94   0.94   0.00   0.00   0.00   0.00   0.00   0.00   0.00   0.00   0.00  -0.94   0.00   0.00   0.94   0.00   0.00   0.00   0.00 |   0.00 
x25	|   0.00   0.00   0.00   0.00   0.00   0.00   0.00  -0.00   0.00  -1.00   0.00   0.00   0.00   0.00  -0.00   0.00  -0.95   0.00  -0.00  -0.93  -0.00  -0.00  -0.91   0.00   0.00   1.00   0.90   0.90   0.90   0.00   0.00   0.95   0.00   0.93   0.91   0.00  -0.00   0.00   0.00  -0.00   0.00   0.90   0.00   0.00   0.00  -0.90 | 4483.50 
x8	|   0.00   0.00   0.00   0.00   0.00   0.00   0.00   0.00   1.00  -1.05   0.00   0.98   0.00   0.00   0.96   0.00  -1.00   0.00  -0.94  -1.91  -0.94  -0.94  -0.96   0.00   0.00   0.00   0.94   0.94   0.94   0.00   0.00   0.00   0.00   0.00   0.00   0.00   0.00   0.00   0.00  -0.94   0.00   0.94   0.00   0.00   0.00   0.00 |   0.00 
x42	|   0.00   0.00   0.00   0.00   0.00   0.00   0.00   0.00   0.00   1.12   0.00   0.00   0.00  -1.12   0.00   0.00   1.06   0.00   0.00   1.04  -1.06   0.00   1.02  -1.04   0.00   0.00  -2.02  -1.00  -1.00   1.00   1.00   1.00   0.00   0.00   0.00   0.00   0.00   0.00   0.00   0.00   0.00  -1.00   1.00   0.00   0.00   0.00 |   0.00 
x43	|   0.00   0.00   0.00   0.00   0.00   0.00   0.00   0.00   0.00   1.12   0.00   0.00   0.00   0.00   0.00   0.00   1.06  -1.12   0.00   1.04   0.00   0.00   1.02   0.00  -1.06   0.00  -1.00  -2.04  -1.00  -1.02   0.00   0.00   1.00   1.00   0.00   0.00   0.00   0.00   0.00   0.00   0.00  -1.00   0.00   1.00   0.00   0.00 |   0.00 
x44	|   0.00   0.00   0.00   0.00   0.00   0.00   0.00   0.00   0.00   1.12   0.00   0.00   0.00   0.00   0.00   0.00   1.06   0.00   0.00   1.04   0.00  -1.12   1.02   0.00   0.00   0.00  -1.00  -1.00  -2.06   0.00  -1.04   0.00  -1.02   0.00   1.00   0.00   0.00   0.00   0.00   0.00   0.00  -1.00   0.00   0.00   1.00   0.00 |   0.00 
x0	|   1.00  -1.00   0.00   0.00   0.00   0.00   0.00   0.00   0.00   1.12   0.00   0.00   0.00   0.00   0.00   0.00   1.06   0.00   0.00   1.04   0.00   0.00   1.02   0.00   0.00   0.00  -1.00  -1.00  -1.00  -0.00  -0.00   0.00  -0.00   0.00   0.00  -0.00   0.00   0.00   0.00   0.00   0.00  -1.00  -0.00  -0.00  -0.00   0.00 |   0.00 

z	|   0.00   1.00   0.00   0.00   0.00   0.00   0.00   0.00   0.00   0.00   0.00   0.00   0.00  -1.12   0.00   0.00   0.00   0.00   0.00   0.00  -1.06   0.00   0.00  -1.04   0.00   0.00  -1.02   0.00   0.00   1.00   1.00   1.00   0.00   0.00   0.00   0.00   0.00   0.00   0.00   0.00   0.00   0.00   1.00   0.00   0.00   0.00 |   0.00 
x35	|   0.00  -1.00   0.00   0.00   0.00   0.00   0.00   0.01   0.00   0.00   0.01   0.00   0.01   9.20   0.00   0.01   0.00   0.94   0.01   0.01   8.79   0.92   0.00   8.57   0.90   0.00   8.40   0.88   0.88  -7.39  -7.39  -8.24   0.00  -0.84  -0.82   1.00   0.98   0.96   0.94   0.92   0.90   0.88  -7.39   0.00   0.00   0.80 | 979.64 
x5	|   0.00   0.00   0.00   0.00   0.00   1.00   0.00  -0.00   0.00   0.00   0.00   0.00   0.95  -1.90   0.00   0.93   0.00   0.00   0.91   0.00  -1.81  -0.00  -0.90  -2.66  -0.90   0.00  -1.73  -0.00  -0.00   1.70   1.70   2.56   0.00   0.84   0.82   0.00  -0.00   0.00   0.00  -0.00  -0.90  -0.00   1.70   0.00   0.00  -0.80 | 4020.36 
x2	|   0.00   0.00   1.00   0.00   0.00   0.00  -0.98  -0.98   0.00   0.00   0.00   0.96   0.00  -3.11   0.94   0.00   0.94   0.00  -0.92  -0.01  -3.89  -0.92   0.90  -2.89   0.00   0.00  -3.72  -0.88  -0.88   2.79   2.79   2.79   0.00   0.00   0.00   0.00  -0.98   0.00   0.00  -0.92   0.00  -0.88   2.79   0.00   0.00   0.00 |   0.00 
x3	|   0.00   0.00   0.00   1.00   0.00   0.00   0.98   0.00   0.00   0.00  -0.96  -0.96  -0.96  -2.04  -0.00   0.00   0.00   0.00   0.00   0.00  -1.02   0.00   0.00  -1.00   0.00   0.00  -0.98  -0.00  -0.00   0.96   0.96   0.96   0.00   0.00   0.00   0.00   0.00  -0.96   0.00   0.00   0.00  -0.00   0.96   0.00   0.00   0.00 |   0.00 
x4	|   0.00   0.00   0.00   0.00   1.00   0.00   0.00   0.98   0.00   0.00   0.96   0.00   0.00  -1.05  -0.94  -0.94  -0.94  -0.94   0.00   0.00  -1.00   0.00   0.00  -0.98   0.00   0.00  -0.96  -0.00  -0.00   0.94   0.94   0.94   0.00   0.00   0.00   0.00   0.00   0.00  -0.94   0.00   0.00  -0.00   0.94   0.00   0.00   0.00 |   0.00 
x25	|   0.00   0.00   0.00   0.00   0.00   0.00   0.00  -0.00   0.00   0.00   0.00   0.00   0.00  -1.00  -0.00   0.00  -0.00   0.00  -0.00  -0.00  -0.95  -0.00   0.00  -0.93   0.00   1.00  -0.91   0.00   0.00   0.90   0.90   1.85   0.00   0.93   0.91   0.00  -0.00   0.00   0.00  -0.00   0.00   0.00   0.90   0.00   0.00  -0.90 | 4483.50 
x8	|   0.00   0.00   0.00   0.00   0.00   0.00   0.00   0.00   1.00   0.00   0.00   0.98   0.00  -1.05   0.96   0.00   0.00   0.00  -0.94  -0.94  -1.94  -0.94   0.00  -0.98   0.00   0.00  -0.96  -0.00  -0.00   0.94   0.94   0.94   0.00   0.00   0.00   0.00   0.00   0.00   0.00  -0.94   0.00  -0.00   0.94   0.00   0.00   0.00 |   0.00 
x9	|   0.00   0.00   0.00   0.00   0.00   0.00   0.00   0.00   0.00   1.00   0.00   0.00   0.00  -1.00   0.00   0.00   0.95   0.00   0.00   0.93  -0.95   0.00   0.91  -0.93   0.00   0.00  -1.81  -0.90  -0.90   0.90   0.90   0.90   0.00   0.00   0.00   0.00   0.00   0.00   0.00   0.00   0.00  -0.90   0.90   0.00   0.00   0.00 |   0.00 
x43	|   0.00   0.00   0.00   0.00   0.00   0.00   0.00   0.00   0.00   0.00   0.00   0.00   0.00   1.12   0.00   0.00   0.00  -1.12   0.00   0.00   1.06   0.00   0.00   1.04  -1.06   0.00   1.02  -1.04   0.00  -2.02  -1.00  -1.00   1.00   1.00   0.00   0.00   0.00   0.00   0.00   0.00   0.00   0.00  -1.00   1.00   0.00   0.00 |   0.00 
x44	|   0.00   0.00   0.00   0.00   0.00   0.00   0.00   0.00   0.00   0.00   0.00   0.00   0.00   1.12   0.00   0.00   0.00   0.00   0.00   0.00   1.06  -1.12   0.00   1.04   0.00   0.00   1.02   0.00  -1.06  -1.00  -2.04  -1.00  -1.02   0.00   1.00   0.00   0.00   0.00   0.00   0.00   0.00   0.00  -1.00   0.00   1.00   0.00 |   0.00 
x0	|   1.00  -1.00   0.00   0.00   0.00   0.00   0.00   0.00   0.00   0.00   0.00   0.00   0.00   1.12   0.00   0.00   0.00   0.00   0.00   0.00   1.06   0.00   0.00   1.04   0.00   0.00   1.02   0.00   0.00  -1.00  -1.00  -1.00  -0.00   0.00   0.00  -0.00   0.00   0.00   0.00   0.00   0.00   0.00  -1.00  -0.00  -0.00   0.00 |   0.00 

z	|   0.00   1.00   0.00   0.00   0.00   0.00   0.00   0.00   0.00   0.00   0.00   0.00   0.00   0.00   0.00   0.00   0.00  -1.12   0.00   0.00   0.00   0.00   0.00   0.00  -1.06   0.00   0.00  -1.04   0.00  -1.02   0.00   0.00   1.00   1.00   0.00   0.00   0.00   0.00   0.00   0.00   0.00   0.00   0.00   1.00   0.00   0.00 |   0.00 
x35	|   0.00  -1.00   0.00   0.00   0.00   0.00   0.00   0.01   0.00   0.00   0.01   0.00   0.01   0.00   0.00   0.01   0.00  10.14   0.01   0.01   0.00   0.92   0.00   0.00   9.68   0.00   0.00   9.45   0.88   9.26   0.86   0.01  -8.25  -9.09  -0.82   1.00   0.98   0.96   0.94   0.92   0.90   0.88   0.86  -8.25   0.00   0.80 | 979.64 
x5	|   0.00   0.00   0.00   0.00   0.00   1.00   0.00  -0.00   0.00   0.00   0.00   0.00   0.95   0.00   0.00   0.93   0.00  -1.90   0.91   0.00  -0.00  -0.00  -0.90  -0.90  -2.71   0.00  -0.00  -1.77  -0.00  -1.73   0.00   0.86   1.70   2.54   0.82   0.00  -0.00   0.00   0.00  -0.00  -0.90  -0.00   0.00   1.70   0.00  -0.80 | 4020.36 
x2	|   0.00   0.00   1.00   0.00   0.00   0.00  -0.98  -0.98   0.00   0.00   0.00   0.96   0.00   0.00   0.94   0.00   0.94  -3.11  -0.92  -0.01  -0.92  -0.92   0.90   0.00  -2.97   0.00  -0.88  -3.77  -0.88  -2.84   0.00   0.00   2.79   2.79   0.00   0.00  -0.98   0.00   0.00  -0.92   0.00  -0.88   0.00   2.79   0.00   0.00 |   0.00 
x3	|   0.00   0.00   0.00   1.00   0.00   0.00   0.98   0.00   0.00   0.00  -0.96  -0.96  -0.96   0.00  -0.00   0.00   0.00  -2.04   0.00   0.00   0.92   0.00   0.00   0.90  -1.94   0.00   0.88  -1.90  -0.00  -2.72  -0.86  -0.86   1.83   1.83   0.00   0.00   0.00  -0.96   0.00   0.00   0.00  -0.00  -0.86   1.83   0.00   0.00 |   0.00 
x4	|   0.00   0.00   0.00   0.00   1.00   0.00   0.00   0.98   0.00   0.00   0.96   0.00   0.00   0.00  -0.94  -0.94  -0.94  -1.99   0.00   0.00   0.00   0.00   0.00   0.00  -1.00   0.00  -0.00  -0.98  -0.00  -0.96   0.00   0.00   0.94   0.94   0.00   0.00   0.00   0.00  -0.94   0.00   0.00  -0.00   0.00   0.94   0.00   0.00 |   0.00 
x25	|   0.00   0.00   0.00   0.00   0.00   0.00   0.00  -0.00   0.00   0.00   0.00   0.00   0.00   0.00  -0.00   0.00  -0.00  -1.00  -0.00  -0.00  -0.00  -0.00   0.00   0.00  -0.95   1.00   0.00  -0.93   0.00  -0.91   0.00   0.95   0.90   1.83   0.91   0.00  -0.00   0.00   0.00  -0.00   0.00   0.00   0.00   0.90   0.00  -0.90 | 4483.50 
x8	|   0.00   0.00   0.00   0.00   0.00   0.00   0.00   0.00   1.00   0.00   0.00   0.98   0.00   0.00   0.96   0.00   0.00  -1.05  -0.94  -0.94  -0.94  -0.94   0.00   0.00  -1.00   0.00  -0.00  -0.98  -0.00  -0.96   0.00   0.00   0.94   0.94   0.00   0.00   0.00   0.00   0.00  -0.94   0.00  -0.00   0.00   0.94   0.00   0.00 |   0.00 
x9	|   0.00   0.00   0.00   0.00   0.00   0.00   0.00   0.00   0.00   1.00   0.00   0.00   0.00   0.00   0.00   0.00   0.95  -1.00   0.00   0.93   0.00   0.00   0.91   0.00  -0.95   0.00  -0.90  -1.83  -0.90  -0.91   0.00   0.00   0.90   0.90   0.00   0.00   0.00   0.00   0.00   0.00   0.00  -0.90   0.00   0.90   0.00   0.00 |   0.00 
x13	|   0.00   0.00   0.00   0.00   0.00   0.00   0.00   0.00   0.00   0.00   0.00   0.00   0.00   1.00   0.00   0.00   0.00  -1.00   0.00   0.00   0.95   0.00   0.00   0.93  -0.95   0.00   0.91  -0.93   0.00  -1.81  -0.90  -0.90   0.90   0.90   0.00   0.00   0.00   0.00   0.00   0.00   0.00   0.00  -0.90   0.90   0.00   0.00 |   0.00 
x44	|   0.00   0.00   0.00   0.00   0.00   0.00   0.00   0.00   0.00   0.00   0.00   0.00   0.00   0.00   0.00   0.00   0.00   1.12   0.00   0.00   0.00  -1.12   0.00   0.00   1.06   0.00   0.00   1.04  -1.06   1.02  -1.04   0.00  -2.02  -1.00   1.00   0.00   0.00   0.00   0.00   0.00   0.00   0.00   0.00  -1.00   1.00   0.00 |   0.00 
x0	|   1.00  -1.00   0.00   0.00   0.00   0.00   0.00   0.00   0.00   0.00   0.00   0.00   0.00   0.00   0.00   0.00   0.00   1.12   0.00   0.00   0.00   0.00   0.00   0.00   1.06   0.00   0.00   1.04   0.00   1.02   0.00   0.00  -1.00  -1.00   0.00  -0.00   0.00   0.00   0.00   0.00   0.00   0.00   0.00  -1.00  -0.00   0.00 |   0.00 

z	|   0.00   1.00   0.00   0.00   0.00   0.00   0.00   0.00   0.00   0.00   0.00   0.00   0.00   0.00   0.00   0.00   0.00   0.00   0.00   0.00   0.00  -1.12   0.00   0.00   0.00   0.00   0.00   0.00  -1.06   0.00  -1.04   0.00  -1.02   0.00   1.00   0.00   0.00   0.00   0.00   0.00   0.00   0.00   0.00   0.00   1.00   0.00 |   0.00 
x35	|   0.00  -1.00   0.00   0.00   0.00   0.00   0.00   0.01   0.00   0.00   0.01   0.00   0.01   0.00   0.00   0.01   0.00   0.00   0.01   0.01   0.00  11.06   0.00   0.00   0.00   0.00   0.00   0.01  10.56   0.01  10.31   0.01  10.10   0.01  -9.91   1.00   0.98   0.96   0.94   0.92   0.90   0.88   0.86   0.84  -9.09   0.80 | 979.64 
x5	|   0.00   0.00   0.00   0.00   0.00   1.00   0.00  -0.00   0.00   0.00   0.00   0.00   0.95   0.00   0.00   0.93   0.00   0.00   0.91   0.00  -0.00  -1.90  -0.90  -0.90  -0.90   0.00  -0.00  -0.00  -1.81  -0.00  -1.77   0.86  -1.73   0.84   2.52   0.00  -0.00   0.00   0.00  -0.00  -0.90  -0.00   0.00   0.00   1.70  -0.80 | 4020.36 
x2	|   0.00   0.00   1.00   0.00   0.00   0.00  -0.98  -0.98   0.00   0.00   0.00   0.96   0.00   0.00   0.94   0.00   0.94   0.00  -0.92  -0.01  -0.92  -4.03   0.90   0.00   0.00   0.00  -0.88  -0.88  -3.85   0.00  -2.89   0.00  -2.84   0.00   2.79   0.00  -0.98   0.00   0.00  -0.92   0.00  -0.88   0.00   0.00   2.79   0.00 |   0.00 
x3	|   0.00   0.00   0.00   1.00   0.00   0.00   0.98   0.00   0.00   0.00  -0.96  -0.96  -0.96   0.00  -0.00   0.00   0.00   0.00   0.00   0.00   0.92  -2.04   0.00   0.90   0.00   0.00   0.88  -0.00  -1.94  -0.86  -2.76  -0.86  -1.86   0.00   1.83   0.00   0.00  -0.96   0.00   0.00   0.00  -0.00  -0.86   0.00   1.83   0.00 |   0.00 
x4	|   0.00   0.00   0.00   0.00   1.00   0.00   0.00   0.98   0.00   0.00   0.96   0.00   0.00   0.00  -0.94  -0.94  -0.94   0.00   0.00   0.00   0.00  -1.99   0.00   0.00   0.90   0.00  -0.00   0.87  -1.90   0.86  -1.85   0.00  -2.66  -0.84   1.78   0.00   0.00   0.00  -0.94   0.00   0.00  -0.00   0.00  -0.84   1.78   0.00 |   0.00 
x25	|   0.00   0.00   0.00   0.00   0.00   0.00   0.00  -0.00   0.00   0.00   0.00   0.00   0.00   0.00  -0.00   0.00  -0.00   0.00  -0.00  -0.00  -0.00  -1.00   0.00   0.00   0.00   1.00   0.00   0.00  -0.95   0.00  -0.93   0.95  -0.91   0.93   1.81   0.00  -0.00   0.00   0.00  -0.00   0.00   0.00   0.00   0.00   0.90  -0.90 | 4483.50 
x8	|   0.00   0.00   0.00   0.00   0.00   0.00   0.00   0.00   1.00   0.00   0.00   0.98   0.00   0.00   0.96   0.00   0.00   0.00  -0.94  -0.94  -0.94  -1.99   0.00   0.00   0.00   0.00  -0.00  -0.00  -1.00   0.00  -0.98   0.00  -0.96   0.00   0.94   0.00   0.00   0.00   0.00  -0.94   0.00  -0.00   0.00   0.00   0.94   0.00 |   0.00 
x9	|   0.00   0.00   0.00   0.00   0.00   0.00   0.00   0.00   0.00   1.00   0.00   0.00   0.00   0.00   0.00   0.00   0.95   0.00   0.00   0.93   0.00  -1.00   0.91   0.00   0.00   0.00  -0.90  -0.90  -1.85   0.00  -0.93   0.00  -0.91   0.00   0.90   0.00   0.00   0.00   0.00   0.00   0.00  -0.90   0.00   0.00   0.90   0.00 |   0.00 
x13	|   0.00   0.00   0.00   0.00   0.00   0.00   0.00   0.00   0.00   0.00   0.00   0.00   0.00   1.00   0.00   0.00   0.00   0.00   0.00   0.00   0.95  -1.00   0.00   0.93   0.00   0.00   0.91   0.00  -0.95  -0.90  -1.83  -0.90  -0.91   0.00   0.90   0.00   0.00   0.00   0.00   0.00   0.00   0.00  -0.90   0.00   0.90   0.00 |   0.00 
x17	|   0.00   0.00   0.00   0.00   0.00   0.00   0.00   0.00   0.00   0.00   0.00   0.00   0.00   0.00   0.00   0.00   0.00   1.00   0.00   0.00   0.00  -1.00   0.00   0.00   0.95   0.00   0.00   0.93  -0.95   0.91  -0.93   0.00  -1.81  -0.90   0.90   0.00   0.00   0.00   0.00   0.00   0.00   0.00   0.00  -0.90   0.90   0.00 |   0.00 
x0	|   1.00  -1.00   0.00   0.00   0.00   0.00   0.00   0.00   0.00   0.00   0.00   0.00   0.00   0.00   0.00   0.00   0.00   0.00   0.00   0.00   0.00   1.12   0.00   0.00   0.00   0.00   0.00   0.00   1.06   0.00   1.04   0.00   1.02   0.00  -1.00  -0.00   0.00   0.00   0.00   0.00   0.00   0.00   0.00   0.00  -1.00   0.00 |   0.00 

z	|   1.00   0.00   0.00   0.00   0.00   0.00   0.00   0.00   0.00   0.00   0.00   0.00   0.00   0.00   0.00   0.00   0.00   0.00   0.00   0.00   0.00   0.00   0.00   0.00   0.00   0.00   0.00   0.00   0.00   0.00   0.00   0.00   0.00   0.00   0.00   0.00   0.00   0.00   0.00   0.00   0.00   0.00   0.00   0.00   0.00   0.00 |   0.00 
x35	|  -9.92   8.92   0.00   0.00   0.00   0.00   0.00   0.01   0.00   0.00   0.01   0.00   0.01   0.00   0.00   0.01   0.00   0.00   0.01   0.01   0.00   0.00   0.00   0.00   0.00   0.00   0.00   0.01   0.00   0.01   0.00   0.01   0.00   0.01   0.01   1.00   0.98   0.96   0.94   0.92   0.90   0.88   0.86   0.84   0.83   0.80 | 979.64 
x5	|   1.70  -1.70   0.00   0.00   0.00   1.00   0.00  -0.00   0.00   0.00   0.00   0.00   0.95   0.00   0.00   0.93   0.00   0.00   0.91   0.00  -0.00   0.00  -0.90  -0.90  -0.90   0.00  -0.00  -0.00  -0.00  -0.00   0.00   0.86   0.00   0.84   0.82   0.00  -0.00   0.00   0.00  -0.00  -0.90  -0.00   0.00   0.00  -0.00  -0.80 | 4020.36 
x2	|   3.61  -3.61   1.00   0.00   0.00   0.00  -0.98  -0.98   0.00   0.00   0.00   0.96   0.00   0.00   0.94   0.00   0.94   0.00  -0.92  -0.01  -0.92   0.00   0.90   0.00   0.00   0.00  -0.88  -0.88   0.00   0.00   0.86   0.00   0.84   0.00  -0.83   0.00  -0.98   0.00   0.00  -0.92   0.00  -0.88   0.00   0.00  -0.83   0.00 |   0.00 
x3	|   1.83  -1.83   0.00   1.00   0.00   0.00   0.98   0.00   0.00   0.00  -0.96  -0.96  -0.96   0.00  -0.00   0.00   0.00   0.00   0.00   0.00   0.92   0.00   0.00   0.90   0.00   0.00   0.88  -0.00  -0.00  -0.86  -0.86  -0.86   0.00   0.00   0.00   0.00   0.00  -0.96   0.00   0.00   0.00  -0.00  -0.86   0.00   0.00   0.00 |   0.00 
x4	|   1.78  -1.78   0.00   0.00   1.00   0.00   0.00   0.98   0.00   0.00   0.96   0.00   0.00   0.00  -0.94  -0.94  -0.94   0.00   0.00   0.00   0.00   0.00   0.00   0.00   0.90   0.00  -0.00   0.87  -0.00   0.86   0.00   0.00  -0.84  -0.84   0.00   0.00   0.00   0.00  -0.94   0.00   0.00  -0.00   0.00  -0.84   0.00   0.00 |   0.00 
x25	|   0.90  -0.90   0.00   0.00   0.00   0.00   0.00  -0.00   0.00   0.00   0.00   0.00   0.00   0.00  -0.00   0.00  -0.00   0.00  -0.00  -0.00  -0.00   0.00   0.00   0.00   0.00   1.00   0.00   0.00   0.00   0.00   0.00   0.95   0.00   0.93   0.91   0.00  -0.00   0.00   0.00  -0.00   0.00   0.00   0.00   0.00   0.00  -0.90 | 4483.50 
x8	|   1.78  -1.78   0.00   0.00   0.00   0.00   0.00   0.00   1.00   0.00   0.00   0.98   0.00   0.00   0.96   0.00   0.00   0.00  -0.94  -0.94  -0.94   0.00   0.00   0.00   0.00   0.00  -0.00  -0.00   0.90   0.00   0.87   0.00   0.86   0.00  -0.84   0.00   0.00   0.00   0.00  -0.94   0.00  -0.00   0.00   0.00  -0.84   0.00 |   0.00 
x9	|   0.90  -0.90   0.00   0.00   0.00   0.00   0.00   0.00   0.00   1.00   0.00   0.00   0.00   0.00   0.00   0.00   0.95   0.00   0.00   0.93   0.00   0.00   0.91   0.00   0.00   0.00  -0.90  -0.90  -0.90   0.00   0.00   0.00   0.00   0.00   0.00   0.00   0.00   0.00   0.00   0.00   0.00  -0.90   0.00   0.00   0.00   0.00 |   0.00 
x13	|   0.90  -0.90   0.00   0.00   0.00   0.00   0.00   0.00   0.00   0.00   0.00   0.00   0.00   1.00   0.00   0.00   0.00   0.00   0.00   0.00   0.95   0.00   0.00   0.93   0.00   0.00   0.91   0.00   0.00  -0.90  -0.90  -0.90   0.00   0.00   0.00   0.00   0.00   0.00   0.00   0.00   0.00   0.00  -0.90   0.00   0.00   0.00 |   0.00 
x17	|   0.90  -0.90   0.00   0.00   0.00   0.00   0.00   0.00   0.00   0.00   0.00   0.00   0.00   0.00   0.00   0.00   0.00   1.00   0.00   0.00   0.00   0.00   0.00   0.00   0.95   0.00   0.00   0.93   0.00   0.91   0.00   0.00  -0.90  -0.90   0.00   0.00   0.00   0.00   0.00   0.00   0.00   0.00   0.00  -0.90   0.00   0.00 |   0.00 
x21	|   0.90  -0.90   0.00   0.00   0.00   0.00   0.00   0.00   0.00   0.00   0.00   0.00   0.00   0.00   0.00   0.00   0.00   0.00   0.00   0.00   0.00   1.00   0.00   0.00   0.00   0.00   0.00   0.00   0.95   0.00   0.93   0.00   0.91   0.00  -0.90  -0.00   0.00   0.00   0.00   0.00   0.00   0.00   0.00   0.00  -0.90   0.00 |   0.00 

solution found
the helper LP has got optimal value

z	|  -1.00  -0.00  -0.00  -0.00  -0.00  -0.00  -0.00  -0.00  -0.00  -0.00  -0.00  -0.00  -0.00  -0.00  -0.00  -0.00  -0.00  -0.00  -0.00  -0.00  -0.00  -0.00  -0.00  -0.00  -0.00  -0.00  -0.00  -0.00  -0.00  -0.00  -0.00  -0.00  -0.00  -0.00   0.00   0.00   0.00   0.00   0.00   0.00   0.00   0.00   0.00   0.00   0.00 |   0.00 
x35	|   8.92   0.00   0.00   0.00   0.00   0.00   0.01   0.00   0.00   0.01   0.00   0.01   0.00   0.00   0.01   0.00   0.00   0.01   0.01   0.00   0.00   0.00   0.00   0.00   0.00   0.00   0.01   0.00   0.01   0.00   0.01   0.00   0.01   0.01   1.00   0.98   0.96   0.94   0.92   0.90   0.88   0.86   0.84   0.83   0.80 | 979.64 
x5	|  -1.70   0.00   0.00   0.00   1.00   0.00  -0.00   0.00   0.00   0.00   0.00   0.95   0.00   0.00   0.93   0.00   0.00   0.91   0.00  -0.00   0.00  -0.90  -0.90  -0.90   0.00  -0.00  -0.00  -0.00  -0.00   0.00   0.86   0.00   0.84   0.82   0.00  -0.00   0.00   0.00  -0.00  -0.90  -0.00   0.00   0.00  -0.00  -0.80 | 4020.36 
x2	|  -3.61   1.00   0.00   0.00   0.00  -0.98  -0.98   0.00   0.00   0.00   0.96   0.00   0.00   0.94   0.00   0.94   0.00  -0.92  -0.01  -0.92   0.00   0.90   0.00   0.00   0.00  -0.88  -0.88   0.00   0.00   0.86   0.00   0.84   0.00  -0.83   0.00  -0.98   0.00   0.00  -0.92   0.00  -0.88   0.00   0.00  -0.83   0.00 |   0.00 
x3	|  -1.83   0.00   1.00   0.00   0.00   0.98   0.00   0.00   0.00  -0.96  -0.96  -0.96   0.00  -0.00   0.00   0.00   0.00   0.00   0.00   0.92   0.00   0.00   0.90   0.00   0.00   0.88  -0.00  -0.00  -0.86  -0.86  -0.86   0.00   0.00   0.00   0.00   0.00  -0.96   0.00   0.00   0.00  -0.00  -0.86   0.00   0.00   0.00 |   0.00 
x4	|  -1.78   0.00   0.00   1.00   0.00   0.00   0.98   0.00   0.00   0.96   0.00   0.00   0.00  -0.94  -0.94  -0.94   0.00   0.00   0.00   0.00   0.00   0.00   0.00   0.90   0.00  -0.00   0.87  -0.00   0.86   0.00   0.00  -0.84  -0.84   0.00   0.00   0.00   0.00  -0.94   0.00   0.00  -0.00   0.00  -0.84   0.00   0.00 |   0.00 
x25	|  -0.90   0.00   0.00   0.00   0.00   0.00  -0.00   0.00   0.00   0.00   0.00   0.00   0.00  -0.00   0.00  -0.00   0.00  -0.00  -0.00  -0.00   0.00   0.00   0.00   0.00   1.00   0.00   0.00   0.00   0.00   0.00   0.95   0.00   0.93   0.91   0.00  -0.00   0.00   0.00  -0.00   0.00   0.00   0.00   0.00   0.00  -0.90 | 4483.50 
x8	|  -1.78   0.00   0.00   0.00   0.00   0.00   0.00   1.00   0.00   0.00   0.98   0.00   0.00   0.96   0.00   0.00   0.00  -0.94  -0.94  -0.94   0.00   0.00   0.00   0.00   0.00  -0.00  -0.00   0.90   0.00   0.87   0.00   0.86   0.00  -0.84   0.00   0.00   0.00   0.00  -0.94   0.00  -0.00   0.00   0.00  -0.84   0.00 |   0.00 
x9	|  -0.90   0.00   0.00   0.00   0.00   0.00   0.00   0.00   1.00   0.00   0.00   0.00   0.00   0.00   0.00   0.95   0.00   0.00   0.93   0.00   0.00   0.91   0.00   0.00   0.00  -0.90  -0.90  -0.90   0.00   0.00   0.00   0.00   0.00   0.00   0.00   0.00   0.00   0.00   0.00   0.00  -0.90   0.00   0.00   0.00   0.00 |   0.00 
x13	|  -0.90   0.00   0.00   0.00   0.00   0.00   0.00   0.00   0.00   0.00   0.00   0.00   1.00   0.00   0.00   0.00   0.00   0.00   0.00   0.95   0.00   0.00   0.93   0.00   0.00   0.91   0.00   0.00  -0.90  -0.90  -0.90   0.00   0.00   0.00   0.00   0.00   0.00   0.00   0.00   0.00   0.00  -0.90   0.00   0.00   0.00 |   0.00 
x17	|  -0.90   0.00   0.00   0.00   0.00   0.00   0.00   0.00   0.00   0.00   0.00   0.00   0.00   0.00   0.00   0.00   1.00   0.00   0.00   0.00   0.00   0.00   0.00   0.95   0.00   0.00   0.93   0.00   0.91   0.00   0.00  -0.90  -0.90   0.00   0.00   0.00   0.00   0.00   0.00   0.00   0.00   0.00  -0.90   0.00   0.00 |   0.00 
x21	|  -0.90   0.00   0.00   0.00   0.00   0.00   0.00   0.00   0.00   0.00   0.00   0.00   0.00   0.00   0.00   0.00   0.00   0.00   0.00   0.00   1.00   0.00   0.00   0.00   0.00   0.00   0.00   0.95   0.00   0.93   0.00   0.91   0.00  -0.90  -0.00   0.00   0.00   0.00   0.00   0.00   0.00   0.00   0.00  -0.90   0.00 |   0.00 

z	|  -1.00  -0.00  -0.00  -0.00  -0.00  -0.00  -0.00  -0.00  -0.00  -0.00  -0.00  -0.00  -0.00  -0.00  -0.00  -0.00  -0.00  -0.00  -0.00  -0.00  -0.00  -0.00  -0.00  -0.00  -0.00  -0.00  -0.00  -0.00  -0.00  -0.00  -0.00  -0.00  -0.00  -0.00   0.00   0.00   0.00   0.00   0.00   0.00   0.00   0.00   0.00   0.00   0.00 |   0.00 
x35	|   8.92   0.00   0.00   0.00   0.00   0.00   0.01   0.00   0.00   0.01   0.00   0.01   0.00   0.00   0.01   0.00   0.00   0.01   0.01   0.00   0.00   0.00   0.00   0.00   0.00   0.00   0.01   0.00   0.01   0.00   0.01   0.00   0.01   0.01   1.00   0.98   0.96   0.94   0.92   0.90   0.88   0.86   0.84   0.83   0.80 | 979.64 
x5	|  -1.70   0.00   0.00   0.00   1.00   0.00  -0.00   0.00   0.00   0.00   0.00   0.95   0.00   0.00   0.93   0.00   0.00   0.91   0.00  -0.00   0.00  -0.90  -0.90  -0.90   0.00  -0.00  -0.00  -0.00  -0.00   0.00   0.86   0.00   0.84   0.82   0.00  -0.00   0.00   0.00  -0.00  -0.90  -0.00   0.00   0.00  -0.00  -0.80 | 4020.36 
x2	|  -3.61   1.00   0.00   0.00   0.00  -0.98  -0.98   0.00   0.00   0.00   0.96   0.00   0.00   0.94   0.00   0.94   0.00  -0.92  -0.01  -0.92   0.00   0.90   0.00   0.00   0.00  -0.88  -0.88   0.00   0.00   0.86   0.00   0.84   0.00  -0.83   0.00  -0.98   0.00   0.00  -0.92   0.00  -0.88   0.00   0.00  -0.83   0.00 |   0.00 
x3	|  -1.83   0.00   1.00   0.00   0.00   0.98   0.00   0.00   0.00  -0.96  -0.96  -0.96   0.00  -0.00   0.00   0.00   0.00   0.00   0.00   0.92   0.00   0.00   0.90   0.00   0.00   0.88  -0.00  -0.00  -0.86  -0.86  -0.86   0.00   0.00   0.00   0.00   0.00  -0.96   0.00   0.00   0.00  -0.00  -0.86   0.00   0.00   0.00 |   0.00 
x4	|  -1.78   0.00   0.00   1.00   0.00   0.00   0.98   0.00   0.00   0.96   0.00   0.00   0.00  -0.94  -0.94  -0.94   0.00   0.00   0.00   0.00   0.00   0.00   0.00   0.90   0.00  -0.00   0.87  -0.00   0.86   0.00   0.00  -0.84  -0.84   0.00   0.00   0.00   0.00  -0.94   0.00   0.00  -0.00   0.00  -0.84   0.00   0.00 |   0.00 
x25	|  -0.90   0.00   0.00   0.00   0.00   0.00  -0.00   0.00   0.00   0.00   0.00   0.00   0.00  -0.00   0.00  -0.00   0.00  -0.00  -0.00  -0.00   0.00   0.00   0.00   0.00   1.00   0.00   0.00   0.00   0.00   0.00   0.95   0.00   0.93   0.91   0.00  -0.00   0.00   0.00  -0.00   0.00   0.00   0.00   0.00   0.00  -0.90 | 4483.50 
x8	|  -1.78   0.00   0.00   0.00   0.00   0.00   0.00   1.00   0.00   0.00   0.98   0.00   0.00   0.96   0.00   0.00   0.00  -0.94  -0.94  -0.94   0.00   0.00   0.00   0.00   0.00  -0.00  -0.00   0.90   0.00   0.87   0.00   0.86   0.00  -0.84   0.00   0.00   0.00   0.00  -0.94   0.00  -0.00   0.00   0.00  -0.84   0.00 |   0.00 
x9	|  -0.90   0.00   0.00   0.00   0.00   0.00   0.00   0.00   1.00   0.00   0.00   0.00   0.00   0.00   0.00   0.95   0.00   0.00   0.93   0.00   0.00   0.91   0.00   0.00   0.00  -0.90  -0.90  -0.90   0.00   0.00   0.00   0.00   0.00   0.00   0.00   0.00   0.00   0.00   0.00   0.00  -0.90   0.00   0.00   0.00   0.00 |   0.00 
x13	|  -0.90   0.00   0.00   0.00   0.00   0.00   0.00   0.00   0.00   0.00   0.00   0.00   1.00   0.00   0.00   0.00   0.00   0.00   0.00   0.95   0.00   0.00   0.93   0.00   0.00   0.91   0.00   0.00  -0.90  -0.90  -0.90   0.00   0.00   0.00   0.00   0.00   0.00   0.00   0.00   0.00   0.00  -0.90   0.00   0.00   0.00 |   0.00 
x17	|  -0.90   0.00   0.00   0.00   0.00   0.00   0.00   0.00   0.00   0.00   0.00   0.00   0.00   0.00   0.00   0.00   1.00   0.00   0.00   0.00   0.00   0.00   0.00   0.95   0.00   0.00   0.93   0.00   0.91   0.00   0.00  -0.90  -0.90   0.00   0.00   0.00   0.00   0.00   0.00   0.00   0.00   0.00  -0.90   0.00   0.00 |   0.00 
x21	|  -0.90   0.00   0.00   0.00   0.00   0.00   0.00   0.00   0.00   0.00   0.00   0.00   0.00   0.00   0.00   0.00   0.00   0.00   0.00   0.00   1.00   0.00   0.00   0.00   0.00   0.00   0.00   0.95   0.00   0.93   0.00   0.91   0.00  -0.90  -0.00   0.00   0.00   0.00   0.00   0.00   0.00   0.00   0.00  -0.90   0.00 |   0.00 

z	|   0.00   0.00   0.00   0.00   0.00   0.00   0.00   0.00   0.00   0.00   0.00   0.00   0.00   0.00   0.00   0.00   0.00   0.00   0.00   0.00   0.00   0.00   0.00   0.00   0.00   0.00   0.00   0.00   0.00   0.00   0.00   0.00   0.00   0.00   0.11   0.11   0.11   0.11   0.10   0.10   0.10   0.10   0.09   0.09   0.09 | 109.82 
x1	|   1.00   0.00   0.00   0.00   0.00   0.00   0.00   0.00   0.00   0.00   0.00   0.00   0.00   0.00   0.00   0.00   0.00   0.00   0.00   0.00   0.00   0.00   0.00   0.00   0.00   0.00   0.00   0.00   0.00   0.00   0.00   0.00   0.00   0.00   0.11   0.11   0.11   0.11   0.10   0.10   0.10   0.10   0.09   0.09   0.09 | 109.82 
x5	|   0.00   0.00   0.00   0.00   1.00   0.00   0.00   0.00   0.00   0.00   0.00   0.96   0.00   0.00   0.93   0.00   0.00   0.91   0.00   0.00   0.00  -0.90  -0.90  -0.90   0.00   0.00   0.00  -0.00   0.00   0.00   0.86   0.00   0.84   0.82   0.19   0.19   0.18   0.18   0.18  -0.73   0.17   0.16   0.16   0.16  -0.65 | 4207.13 
x2	|   0.00   1.00   0.00   0.00   0.00  -0.98  -0.98   0.00   0.00   0.00   0.96   0.00   0.00   0.94   0.00   0.94   0.00  -0.92  -0.00  -0.92   0.00   0.90   0.00   0.00   0.00  -0.88  -0.88   0.00   0.00   0.86   0.00   0.84   0.00  -0.82   0.41  -0.58   0.39   0.38  -0.55   0.36  -0.52   0.35   0.34  -0.49   0.33 | 396.76 
x3	|   0.00   0.00   1.00   0.00   0.00   0.98   0.00   0.00   0.00  -0.96  -0.96  -0.96   0.00  -0.00   0.00   0.00   0.00   0.00   0.00   0.92   0.00   0.00   0.90   0.00   0.00   0.88   0.00  -0.00  -0.86  -0.86  -0.86   0.00   0.00   0.00   0.20   0.20  -0.77   0.19   0.19   0.18   0.18  -0.69   0.17   0.17   0.16 | 200.49 
x4	|   0.00   0.00   0.00   1.00   0.00   0.00   0.98   0.00   0.00   0.96   0.00   0.00   0.00  -0.94  -0.94  -0.94   0.00   0.00   0.00   0.00   0.00   0.00   0.00   0.90   0.00   0.00   0.88  -0.00   0.86   0.00   0.00  -0.84  -0.84   0.00   0.20   0.20   0.19  -0.75   0.18   0.18   0.18   0.17  -0.67   0.17   0.16 | 195.61 
x25	|   0.00   0.00   0.00   0.00   0.00   0.00   0.00   0.00   0.00   0.00   0.00   0.00   0.00  -0.00   0.00   0.00   0.00   0.00   0.00   0.00   0.00   0.00   0.00   0.00   1.00   0.00   0.00   0.00   0.00   0.00   0.96   0.00   0.93   0.91   0.10   0.10   0.10   0.09   0.09   0.09   0.09   0.09   0.08   0.08  -0.82 | 4581.97 
x8	|   0.00   0.00   0.00   0.00   0.00   0.00   0.00   1.00   0.00   0.00   0.98   0.00   0.00   0.96   0.00   0.00   0.00  -0.94  -0.94  -0.94   0.00   0.00   0.00   0.00   0.00   0.00   0.00   0.90   0.00   0.88   0.00   0.86   0.00  -0.84   0.20   0.20   0.19   0.19  -0.75   0.18   0.18   0.17   0.17  -0.68   0.16 | 195.61 
x9	|   0.00   0.00   0.00   0.00   0.00   0.00   0.00   0.00   1.00   0.00   0.00   0.00   0.00   0.00   0.00   0.95   0.00   0.00   0.93   0.00   0.00   0.91   0.00   0.00   0.00  -0.90  -0.90  -0.90   0.00   0.00   0.00   0.00   0.00   0.00   0.10   0.10   0.10   0.09   0.09   0.09  -0.81   0.09   0.08   0.08   0.08 |  98.47 
x13	|   0.00   0.00   0.00   0.00   0.00   0.00   0.00   0.00   0.00   0.00   0.00   0.00   1.00   0.00   0.00   0.00   0.00   0.00   0.00   0.96   0.00   0.00   0.93   0.00   0.00   0.91   0.00   0.00  -0.90  -0.90  -0.90   0.00   0.00   0.00   0.10   0.10   0.10   0.09   0.09   0.09   0.09  -0.81   0.08   0.08   0.08 |  98.47 
x17	|   0.00   0.00   0.00   0.00   0.00   0.00   0.00   0.00   0.00   0.00   0.00   0.00   0.00   0.00   0.00   0.00   1.00   0.00   0.00   0.00   0.00   0.00   0.00   0.95   0.00   0.00   0.93   0.00   0.91   0.00   0.00  -0.90  -0.90   0.00   0.10   0.10   0.10   0.09   0.09   0.09   0.09   0.09  -0.81   0.08   0.08 |  98.47 
x21	|   0.00   0.00   0.00   0.00   0.00   0.00   0.00   0.00   0.00   0.00   0.00   0.00   0.00   0.00   0.00   0.00   0.00   0.00   0.00   0.00   1.00   0.00   0.00   0.00   0.00   0.00   0.00   0.95   0.00   0.93   0.00   0.91   0.00  -0.90   0.10   0.10   0.10   0.09   0.09   0.09   0.09   0.09   0.08  -0.81   0.08 |  98.47 

solution found
